
strategic_region={
	id=12
	name="STRATEGICREGION_12"
	provinces={
		1 2 16 22 24 32 37 41 42 54 60 62 65 70 71 74 75 77 80 94 97 104 107 114 115 122 127 128 129 130 133 135 140 145 147 155 156 161 173 175 178 182 188 200 201 210 212 215 216 217 221 231 235 239 242 244 249 258 276 283 298 306 307 311 312 318 323 331 343 347 349 353 358 359 365 366 369 379 381 382 388 394 412 416 418 425 427 432 442 446 465 468 470 472 473 477 483 485 494 498 504 506 522 525 534 538 541 544 549 554 564 567 582 586 587 590 594 604 605 607 610 616 618 624 634 640 644 650 652 654 659 663 665 669 701 720 723 726 735 737 744 745 749 750 751 763 768 769 771 772 774 775 782 786 792 834 839 845 855 858 865 868 869 876 877 880 886 893 898 904 921 922 929 938 941 942 951 964 965 967 976 978 984 990 1003 1008 1012 1016 1021 1024 1028 1040 1041 1044 1049 1051 1056 1058 1067 1075 1096 1108 1114 1121 1123 1142 1160 1178 1187 1190 1192 1201 1217 1219 1223 1236 1237 1244 1247 1252 1255 1263 1264 1275 1276 1289 1310 1318 1323 1327 1328 1340 1352 1365 1368 1374 1380 1381 1383 1391 1407 1411 1420 1425 1448 1466 1470 1473 1474 1479 1482 1490 1495 1497 1508 1511 1514 1516 1526 1528 1533 1538 1550 1552 1554 1557 1568 1576 1584 1603 1625 1626 1630 1647 1648 1650 1654 1658 1662 1668 1673 1679 1691 1698 1713 1716 1722 1734 1736 1743 1744 1750 1754 1760 1765 1780 1789 1790 1799 1804 1805 1809 1818 1819 1828 1840 1852 1854 1886 1890 1891 1901 1928 1933 1952 1953 1967 1995 2001 2016 2022 2034 2038 2041 2047 2064 2067 2070 2076 2080 2088 2093 2095 2130 2141 2158 2162 2181 2192 2219 2220 2233 2239 2258 2260 2265 2273 2285 2300 2301 2317 2324 2330 2337 2341 2350 2379 2380 2381 2411 2438 2439 2456 2462 2469 2471 2473 2485 2486 2501 2502 2507 2522 2529 2580 2581 2616 2622 2626 2628 2651 2659 2677 2679 2680 2681 2693 2700 2709 2729 2741 2754 2779 2796 2804 2809 2826 2829 2845 2872 2877 2887 2923 2925 2946 2969 2973 2975 2981 2989 2991 3007 3009 3015 3029 3041 3042 3052 3070 3093 3097 3110 3131 3135 3148 3151 3172 3177 3197 3225 3231 3244 3263 3276 3295 3301 3305 3319 3328 3335 3371 3376 3429 3458 3460 3488 3509 3538 3542 3559 3574 3579 3588 3600 3651 3658 3671 3699 3702 3714 3723 3724 3730 3738 3778 3784 3801 3807 3813 3842 3843 3856 3865 3869 3907 3929 3938 3994 4032 4045 4049 4064 4079 4081 4091 4106 4127 4144 4146 4158 4173 4184 4225 4228 4249 4250 4300 4324 4334 4347 4354 4368 4369 4412 4413 4450 4471 4474 4487 4494 4496 4513 4558 4560 4581 4583 4584 4635 4669 4714 4746 4749 4750 4776 4841 4862 4863 4867 4893 4928 4987 4995 5046 5089 5147 5154 5203 5253 5269 5282 5305 5315 5341 5397 5401 5408 5419 5445 5453 5454 5455 5457 5463 5479 5492 5497 5505 5557 5582 5621 5627 5659 5669 5670 5681 5694 5737 5779 5814 5825 5832 5833 5893 5907 5929 6058 6079 6127 6134 6159 6188 6206 6210 6262 6301 6326 6393 6411 6425 6431 6579 6581 6598 6664 6675 6706 6745 6792 6802 6816 6839 6877 6914 6989 6999 7006 7023 7081 7095 7161 7262 7264 7312 7351 7428 7436 7443 7502 7537 7642 7657 7662 7673 7686 7740 7766 7772 7775 7848 7889 7929 7975 8102 8124 8140 8141 8142 8143 8144 8145 8146 8149 8152 8154 8156 8157 8158 8162 8165 8167 8171 8173 8177 8180 8182 8183 8184 8186 8187 8194 8195 8196 8197 8200 8201 8202 8204 8206 8207 8210 8213 8214 8219 8222 8223 8224 8228 8229 8230 8231 8235 8242 8243 8250 8257 8259 8261 8267 8276 8295 8311 8333 8338 8357 8369 8372 8404 8416 8425 8431 8448 8465 8513 8514 8519 9138 9353 9402 9615 9633 9846 10519 10840 10979 11040 11067 11365 11588 11960 12044 13050 14816 14817 14818 14822 14823 14889 14893 14894 14895 
	}
	weather={
	}
}
