
strategic_region={
	id=18
	name="STRATEGICREGION_18"
	provinces={
		14 15 29 33 35 46 48 51 53 55 61 67 92 98 106 117 119 120 131 149 160 163 166 186 192 211 220 228 232 254 265 284 289 296 310 313 320 335 339 348 356 364 390 407 441 452 453 454 456 459 475 493 516 563 579 588 596 603 619 626 629 630 637 638 645 648 657 681 689 693 700 730 733 755 773 776 778 784 785 787 790 791 793 799 805 806 816 821 833 836 844 857 860 874 905 906 912 931 983 988 989 996 1011 1027 1033 1059 1061 1066 1072 1078 1086 1130 1150 1154 1157 1159 1161 1165 1175 1195 1200 1206 1208 1209 1213 1216 1224 1245 1259 1265 1269 1284 1301 1322 1331 1334 1345 1348 1353 1360 1362 1377 1386 1393 1400 1413 1418 1426 1430 1442 1456 1485 1489 1492 1541 1548 1569 1572 1589 1599 1608 1615 1617 1618 1631 1653 1655 1701 1706 1715 1723 1729 1756 1761 1762 1800 1810 1829 1888 1913 1922 1925 1939 1986 2009 2011 2035 2082 2083 2107 2111 2113 2116 2139 2143 2151 2155 2164 2171 2183 2189 2204 2226 2256 2287 2308 2342 2346 2351 2386 2401 2431 2476 2510 2528 2545 2558 2574 2590 2604 2612 2639 2656 2666 2696 2753 2772 2783 2792 2805 2816 2833 2846 2913 2950 2951 2954 2978 2985 2993 2994 3010 3014 3055 3056 3068 3069 3106 3116 3121 3130 3134 3142 3149 3160 3221 3255 3261 3262 3296 3316 3324 3354 3366 3375 3378 3380 3415 3455 3468 3484 3557 3582 3583 3619 3636 3645 3704 3762 3765 3770 3792 3803 3808 3848 3867 3900 3972 3988 4014 4034 4047 4055 4068 4080 4083 4120 4128 4137 4157 4182 4183 4190 4205 4218 4247 4290 4308 4311 4332 4342 4345 4389 4433 4454 4503 4649 4711 4717 4735 4753 4766 4768 4779 4789 4793 4823 4870 4907 4949 4992 5091 5098 5158 5167 5213 5259 5287 5319 5428 5493 5576 5593 5607 5610 5675 5688 5713 5764 5776 5791 5809 5897 5913 5933 5960 6011 6030 6077 6105 6162 6213 6225 6230 6235 6266 6332 6358 6369 6522 6539 6623 6638 6829 6840 6866 6898 6977 7050 7071 7073 7099 7318 7352 7370 7383 7566 7690 7736 7737 7765 7810 7991 8032 8036 8083 8085 12414 12521 12805 12945 13319 13555 13569 13586 13635 13734 13906 13912 14066 14114 14163 14174 14204 14253 14262 14309 14310 14342 14351 14368 14369 14417 14421 14433 14437 14479 14505 14528 14544 14570 14578 14580 14589 14606 14609 14619 14652 14654 14659 14676 14695 14697 14703 14709 14715 14716 14720 14737 14739 14756 14768 14797 14805 14806 14810 14813 14815 14853 14854 14855 14856 14857 14874 14882 15012 15014 15017 15023 15024 15026 15027 15029 15031 15035 15038 15040 15041 15042 15043 15045 15047 15048 15049 15050 15051 15056 15058 15061 15063 15064 15065 15067 15069 15070 15071 15073 15074 15075 
	}
	weather={
	}
}
