
strategic_region={
	id=2
	name="STRATEGICREGION_2"
	provinces={
		247 328 396 405 601 667 716 973 1048 1076 1111 1128 1361 1372 1378 1475 1504 1510 1559 1598 1628 1634 1640 1685 1720 1777 1808 1957 2021 2077 2132 2172 2184 2212 2221 2245 2298 2306 2333 2453 2458 2508 2541 2547 2559 2621 2638 2647 2667 2674 2678 2712 2797 2855 2892 2910 2942 2968 2983 2987 2999 3034 3096 3098 3138 3157 3181 3229 3266 3292 3369 3412 3469 3480 3510 3532 3541 3596 3623 3696 3814 3820 3845 3866 3888 3893 3912 3947 3983 3985 4008 4009 4023 4052 4088 4089 4103 4116 4147 4161 4188 4201 4214 4219 4226 4227 4251 4258 4296 4309 4325 4328 4333 4348 4362 4363 4416 4440 4446 4458 4484 4495 4500 4504 4529 4538 4578 4615 4617 4622 4642 4647 4703 4705 4718 4724 4732 4771 4830 4846 4853 4895 4935 4938 5044 5049 5077 5082 5104 5109 5110 5131 5134 5136 5190 5192 5231 5249 5280 5313 5316 5325 5337 5377 5420 5465 5475 5532 5559 5568 5577 5622 5637 5666 5701 5733 5778 5782 5811 5823 5828 5858 5867 5904 5905 5906 5928 5931 5932 5935 5937 5940 5947 5994 6015 6028 6031 6076 6083 6086 6101 6151 6158 6163 6175 6205 6240 6244 6252 6270 6271 6307 6317 6331 6336 6342 6377 6380 6396 6405 6415 6420 6421 6486 6488 6491 6505 6509 6548 6559 6565 6577 6586 6589 6635 6655 6676 6696 6714 6716 6734 6739 6751 6773 6800 6801 6819 6824 6842 6874 6887 6894 6936 6944 6957 6959 6972 6984 6986 7030 7032 7067 7074 7110 7111 7138 7139 7142 7166 7201 7207 7236 7249 7292 7319 7360 7371 7376 7403 7440 7462 7474 7484 7487 7540 7542 7578 7583 7594 7609 7670 7733 7784 7798 7805 7840 7855 7867 7877 7895 7919 7953 7983 8002 8003 8113 14406 14413 14424 14430 14431 14434 14440 14441 14444 14445 14449 14450 14451 14452 14454 14456 14458 14459 14462 14463 14466 14467 14468 14470 14471 14472 14473 14476 14481 14482 14483 14484 14485 14486 14487 14490 14491 14492 14493 14494 14496 14497 14498 14499 14502 14503 14504 14507 14508 14509 14510 14512 14513 14514 14515 14516 14517 14520 14523 14524 14525 14526 14529 14530 14531 14532 14533 14534 14535 14536 14537 14538 14540 14542 14543 14546 14547 14548 14549 14550 14551 14552 14553 14554 14555 14556 14557 14559 14560 14561 14562 14563 14564 14565 14566 14568 14569 14571 14572 14573 14574 14575 14576 14577 14579 14581 14584 14585 14586 14587 14588 14590 14591 14592 14593 14594 14595 14597 14598 14599 14600 14601 14602 14603 14604 14605 14607 14608 14610 14611 14612 14614 14616 14617 14618 14620 14621 14622 14623 14624 14625 14626 14629 14630 14631 14632 14633 14634 14635 14636 14638 14639 14640 14641 14642 14643 14644 14645 14646 14647 14648 14649 14650 14651 14653 14655 14656 14657 14660 14661 14662 14663 14664 14665 14668 14669 14670 14672 14673 14674 14675 14677 14678 14679 14680 14681 14682 14683 14684 14685 14687 14688 14689 14691 14692 14693 14696 14698 14699 14700 14701 14702 14704 14705 14706 14707 14708 14710 14711 14712 14713 14714 14717 14718 14719 14721 14722 14723 14725 14726 14727 14728 14729 14730 14731 14733 14734 14735 14736 14738 14741 14742 14743 14744 14745 14746 14747 14748 14749 14750 14751 14752 14754 14755 14757 14758 14759 14760 14761 14762 14763 14764 14765 14766 14769 14770 14771 14772 14773 14774 14775 14776 14777 14778 14779 14780 14781 14782 14783 14785 14786 14787 14788 14790 14791 14792 14793 14794 14795 14796 14798 14799 14800 14801 14802 14803 14804 14842 14843 14851 14873 14875 14876 14879 14880 14958 14963 14964 14966 14967 14969 14970 14971 14972 14973 14974 14975 14976 14977 14978 14979 14980 14982 14985 14987 14991 14995 14997 15005 15006 15009 15011 15013 15019 15020 15022 15025 15030 15032 15036 15037 15039 15052 15053 15055 15059 15062 15068 15072 
	}
	weather={
	}
}
