
strategic_region={
	id=24
	name="STRATEGICREGION_24"
	provinces={
		79 154 282 377 417 457 558 902 933 1009 1132 1151 1221 1316 1325 1336 1424 1476 1600 1665 1993 2036 2075 2134 2176 2200 2304 2329 2397 2419 2428 2492 2497 2567 2569 2587 2589 2624 2630 2644 2738 2752 2821 2868 2979 3002 3084 3158 3163 3170 3207 3217 3233 3275 3283 3368 3402 3419 3434 3448 3501 3521 3540 3564 3581 3615 3627 3640 3662 3667 3669 3674 3850 3857 3941 3973 3977 3986 4019 4053 4071 4107 4129 4153 4154 4215 4246 4295 4298 4343 4404 4420 4425 4427 4514 4520 4521 4539 4559 4591 4608 4620 4646 4660 4666 4684 4704 4719 4723 4737 4744 4758 4778 4781 4937 4969 5023 5033 5102 5111 5115 5127 5128 5150 5285 5290 5384 5395 5413 5418 5441 5490 5491 5520 5578 5587 5588 5635 5668 5679 5696 5698 5702 5706 5717 5789 5821 5914 5918 5924 5945 6000 6025 6038 6066 6078 6104 6140 6144 6148 6165 6178 6189 6202 6218 6221 6236 6246 6248 6258 6289 6300 6337 6353 6375 6387 6406 6427 6441 6495 6525 6558 6628 6648 6680 6689 6717 6732 6740 6757 6761 6796 6799 6851 6862 6896 7018 7037 7044 7128 7178 7196 7197 7257 7269 7311 7345 7414 7433 7434 7505 7519 7558 7585 7592 7700 7717 7802 7826 7900 8070 8072 8094 8115 13630 13636 13667 13685 13699 13741 13751 13804 13848 13863 13864 13877 13908 13914 13921 13971 13975 13981 13993 13994 14032 14035 14041 14057 14070 14085 14093 14097 14098 14099 14100 14133 14134 14142 14150 14153 14175 14182 14183 14191 14193 14197 14201 14203 14207 14208 14214 14216 14217 14223 14229 14234 14235 14243 14244 14246 14249 14250 14254 14256 14257 14260 14263 14264 14265 14266 14267 14273 14275 14276 14278 14283 14284 14285 14286 14290 14291 14292 14294 14297 14300 14301 14305 14306 14307 14308 14311 14313 14314 14315 14316 14317 14318 14321 14322 14323 14324 14326 14329 14330 14331 14332 14336 14337 14338 14339 14340 14341 14344 14346 14348 14349 14350 14353 14355 14356 14357 14358 14359 14360 14362 14363 14364 14365 14366 14367 14372 14373 14374 14375 14376 14377 14378 14379 14380 14381 14382 14383 14384 14385 14386 14387 14388 14390 14391 14392 14394 14398 14399 14400 14401 14402 14404 14407 14408 14410 14415 14416 14418 14419 14420 14422 14423 14426 14428 14429 14447 14828 14829 14830 14831 14832 14835 14837 14838 14839 14947 14949 14951 14953 14955 14957 14959 14960 14961 14965 14968 
	}
	weather={
	}
}
