
strategic_region={
	id=25
	name="STRATEGICREGION_25"
	provinces={
		118 260 280 294 297 429 490 595 849 907 937 944 985 1015 1071 1214 1226 1235 1303 1306 1337 1392 1487 1491 1505 1524 1560 1570 1575 1582 1677 1699 1717 1745 1746 1753 1853 1878 1909 1949 2037 2046 2052 2060 2062 2185 2187 2231 2244 2250 2295 2297 2305 2394 2421 2432 2435 2606 2642 2689 2721 2737 2771 2858 2944 2965 2976 3033 3062 3126 3141 3189 3190 3237 3243 3247 3251 3306 3364 3385 3391 3395 3396 3404 3449 3497 3512 3556 3593 3607 3608 3625 3635 3647 3650 3681 3685 3713 3716 3722 3787 3816 3837 3839 3849 3855 3873 3883 3902 3918 3931 3934 3942 3956 4042 4096 4100 4115 4186 4200 4222 4284 4372 4380 4434 4441 4483 4564 4587 4667 4674 4765 4780 4783 4785 4833 4836 4845 4850 4852 4860 4876 4877 4911 4929 5009 5029 5052 5059 5088 5101 5116 5119 5124 5130 5178 5182 5214 5218 5234 5245 5322 5361 5364 5366 5373 5379 5390 5392 5435 5467 5470 5486 5509 5513 5515 5519 5530 5552 5558 5646 5653 5656 5704 5727 5758 5760 5773 5787 5794 5820 5870 5910 5975 5979 5993 6003 6022 6037 6054 6056 6057 6061 6064 6122 6133 6139 6155 6190 6196 6198 6215 6226 6228 6241 6247 6251 6285 6299 6316 6322 6338 6348 6413 6429 6454 6473 6535 6606 6614 6615 6619 6660 6668 6679 6682 6752 6758 6766 6804 6811 6867 6869 6906 6941 6947 6962 7011 7029 7049 7054 7059 7117 7131 7173 7182 7183 7189 7190 7205 7206 7222 7237 7259 7270 7275 7277 7306 7313 7315 7323 7335 7338 7340 7354 7393 7397 7398 7422 7454 7463 7471 7473 7488 7495 7499 7513 7518 7522 7531 7534 7544 7572 7575 7582 7596 7636 7637 7687 7701 7718 7726 7729 7742 7746 7790 7841 7846 7874 7881 7885 7888 7897 7905 7917 7933 7954 7966 7976 8015 8022 8047 8060 8067 8088 8105 8123 8126 8135 12686 12717 12786 12842 12850 12864 12889 12890 12898 12938 12964 12969 12986 13009 13019 13025 13028 13044 13068 13072 13095 13148 13166 13171 13184 13197 13202 13203 13212 13230 13246 13267 13268 13269 13276 13307 13336 13350 13351 13357 13360 13371 13373 13380 13394 13395 13425 13431 13432 13447 13460 13483 13488 13489 13497 13515 13519 13521 13538 13541 13542 13551 13561 13566 13572 13573 13581 13582 13588 13589 13590 13594 13597 13601 13609 13614 13624 13625 13627 13629 13637 13639 13640 13646 13649 13655 13659 13668 13671 13672 13673 13682 13692 13696 13700 13701 13710 13714 13718 13719 13725 13732 13742 13749 13752 13753 13763 13764 13765 13774 13775 13780 13781 13786 13810 13811 13812 13814 13819 13823 13825 13837 13838 13859 13867 13868 13872 13880 13885 13888 13925 13928 13940 13941 13946 13951 13952 13954 13964 13965 13982 13995 13996 14001 14002 14012 14013 14014 14025 14028 14029 14033 14034 14036 14037 14042 14043 14044 14045 14049 14050 14053 14055 14058 14059 14060 14072 14073 14074 14077 14080 14082 14086 14087 14094 14101 14102 14103 14104 14109 14110 14111 14117 14127 14130 14131 14136 14137 14143 14145 14147 14148 14149 14154 14157 14158 14159 14160 14162 14168 14169 14170 14172 14173 14177 14180 14181 14184 14186 14199 14211 14215 14218 14219 14222 14225 14226 14227 14228 14230 14236 14239 14242 14251 14252 14268 14271 14274 14280 14281 14287 14289 14302 14312 14824 14898 14900 14904 14907 14912 14913 14914 14916 14918 14927 14929 14932 14933 14942 14944 14948 
	}
	weather={
	}
}
