
strategic_region={
	id=27
	name="STRATEGICREGION_27"
	provinces={
		44 380 867 957 1104 1152 1184 1317 1542 1666 1898 1914 1971 1978 2136 2203 2259 2385 2410 2584 2613 2706 2843 3020 3100 3137 3370 3417 3425 3673 3806 3853 3854 4035 4162 4177 4283 4357 4628 4633 4688 4745 4799 4803 4828 4865 4883 4924 5031 5189 5198 5205 5346 5391 5425 5451 5569 5756 5788 6073 6121 6170 6211 6610 6613 6647 6834 6845 7599 7893 7992 14298 14333 14334 14335 14345 14352 14354 14361 14370 14389 14395 14403 14409 14414 14432 14438 14439 14442 14448 14457 14460 14461 14465 14477 14480 14488 14501 14506 14519 14521 14541 14558 14583 14884 14885 14886 14888 14981 14994 14996 14998 14999 15001 15002 15004 15008 15010 15021 
	}
	weather={
	}
}
