
strategic_region={
	id=28
	name="STRATEGICREGION_28"
	provinces={
		26 39 402 565 570 740 823 864 939 1100 1179 1434 1480 1502 1692 1712 1866 1889 1926 2279 2282 2315 2345 2496 2509 2561 2698 2717 2723 2734 2766 2782 2789 2813 2815 2824 2859 2886 2939 2956 2960 2972 3031 3076 3085 3087 3143 3150 3219 3300 3309 3529 3539 3708 3717 3833 3838 3852 3860 3877 3951 3961 3990 4114 4211 4271 4405 4417 4435 4482 4498 4524 4550 4626 4648 4790 4826 4974 5054 5079 5156 5199 5251 5266 5375 5432 5477 5517 5533 5563 5604 5625 5626 5836 5886 5977 6102 6153 6254 6287 6371 6437 6438 6521 6602 6731 6784 6823 6952 6953 6982 7020 7147 7215 7326 7355 7417 7424 7464 7477 7620 7661 7707 7724 7754 7842 7880 7998 8016 8107 12629 12670 12679 12685 12879 12910 12985 13195 13374 13404 13435 13454 13459 13514 13658 13677 13678 13693 13785 13802 13824 13927 13962 14009 14068 14071 14118 14120 14121 14151 14156 14161 14171 14196 14210 14212 14213 14224 14237 14247 14261 14269 14270 14272 14282 14293 14299 14319 14320 14325 14343 14371 14908 14911 14915 14920 14923 14925 14926 14928 
	}
	weather={
	}
}
