
strategic_region={
	id=29
	name="STRATEGICREGION_29"
	provinces={
		66 168 273 464 491 611 614 699 780 819 1162 1177 1499 1532 1714 1732 1751 1798 1841 2066 2122 2169 2240 2357 2446 2457 2481 2483 2534 2560 2619 2636 2652 2669 2740 2744 2763 2838 2854 2891 2915 2952 2959 2966 3066 3077 3080 3092 3175 3259 3269 3302 3387 3405 3407 3411 3483 3526 3568 3590 3604 3612 3634 3646 3746 3827 3828 3925 3932 3989 3996 4016 4025 4039 4111 4174 4187 4299 4322 4376 4421 4455 4489 4651 4653 4710 4756 4761 4800 4884 4901 4921 4930 4953 4958 4962 4988 4991 5032 5056 5066 5125 5204 5294 5301 5324 5363 5409 5442 5525 5661 5663 5686 5783 5875 5943 5958 5997 6184 6306 6352 6402 6475 6480 6538 6560 6694 6704 6715 6787 6814 6815 6858 6883 7022 7118 7226 7282 7334 7364 7372 7382 7390 7497 7532 7671 7820 7845 7932 7964 8025 8132 12506 12642 12694 12706 12731 12905 13051 13119 13126 13196 13217 13239 13244 13266 13280 13299 13320 13355 13389 13420 13464 13478 13558 13570 13606 13617 13619 13626 13662 13679 13735 13736 13793 13919 13970 14031 14076 14088 14116 14122 14123 14138 14152 14155 14165 14198 14205 14296 14899 14902 
	}
	weather={
	}
}
