
strategic_region={
	id=30
	name="STRATEGICREGION_30"
	provinces={
		5 21 103 237 251 259 277 290 433 499 585 602 617 684 800 926 932 953 1133 1256 1483 1520 1525 1641 1707 1724 1771 1858 1907 1932 1960 1988 2124 2152 2175 2214 2215 2400 2514 2532 2573 2684 2704 2764 2825 2947 2998 3091 3101 3118 3165 3208 3214 3238 3245 3277 3334 3390 3430 3537 3597 3648 3691 3728 3826 3859 3870 3962 3980 4058 4094 4122 4185 4224 4233 4234 4240 4275 4350 4401 4517 4683 4726 4813 5062 5278 5292 5308 5318 5584 5620 5642 5645 5721 5722 5741 5771 5803 6120 6323 6503 6643 6770 7002 7101 7120 7149 7281 7478 7940 8044 9174 9616 9703 9823 10146 10227 10527 10532 10696 10746 10841 11072 11111 11173 11219 11328 11373 11530 11732 11870 11876 12125 12229 
	}
	weather={
	}
}
