
strategic_region={
	id=31
	name="STRATEGICREGION_31"
	provinces={
		11 18 90 110 225 241 262 415 447 535 548 569 615 717 758 783 817 830 848 909 945 958 979 1001 1025 1089 1090 1170 1239 1262 1279 1304 1394 1409 1450 1503 1534 1620 1661 1772 1775 1830 1905 1965 1969 1992 2040 2194 2228 2274 2326 2425 2506 2540 2562 2565 2724 2760 2765 2769 2841 2883 2931 2933 2958 3026 3109 3226 3298 3347 3653 3794 4050 4192 4221 4403 4461 4490 5025 5027 5141 5589 6132 6309 6313 6735 7212 7555 7616 8091 13370 13458 13911 14167 14185 14202 14220 14277 14303 14393 14405 14435 14453 14495 14518 14613 14836 14840 14877 14878 14883 
	}
	weather={
	}
}
