
strategic_region={
	id=32
	name="STRATEGICREGION_32"
	provinces={
		36 52 57 73 105 159 193 196 198 236 267 281 295 340 345 346 383 395 414 440 561 574 593 632 633 643 647 658 675 714 727 738 748 752 756 764 779 788 796 824 827 831 840 841 847 850 879 882 888 914 956 971 1023 1118 1232 1283 1347 1390 1395 1397 1422 1453 1461 1468 1488 1500 1519 1579 1586 1613 1623 1680 1731 1755 1774 1814 1846 1848 1849 1851 1910 1923 1997 1998 2045 2071 2089 2114 2165 2197 2286 2316 2327 2388 2396 2402 2437 2460 2468 2472 2490 2491 2499 2513 2538 2544 2599 2609 2664 2710 2719 2745 2751 2767 2787 2832 2871 3011 3050 3124 3174 3205 3216 3236 3270 3273 3280 3282 3294 3315 3355 3362 3420 3438 3445 3511 3570 3633 3644 3756 3769 3789 3805 3847 3872 3884 3930 3982 3992 4026 4028 4060 4062 4169 4319 4373 4400 4466 4657 4696 4755 4908 4933 4947 4982 5108 5146 5160 5209 5286 5320 5328 5503 5504 5583 5981 6135 6154 6181 6295 6432 6453 6504 6618 6649 6662 6772 6807 6846 6960 6978 7052 7179 7210 7539 7776 7864 9333 9438 9730 10206 10594 11902 12099 12188 12349 12749 13194 13293 13424 13445 13477 13532 13550 13613 13733 13773 13836 13899 13949 13960 14027 14091 14096 14166 14194 14209 14245 14279 14411 14826 14827 14906 14910 14935 14937 14940 
	}
	weather={
	}
}
