
strategic_region={
	id=5
	name="STRATEGICREGION_5"
	provinces={
		144 301 302 428 673 711 1148 1199 1242 1416 1544 2235 2270 2407 2494 2617 2736 2828 2873 2938 3128 3179 3184 3287 3336 3358 3372 3476 3495 3535 3660 3721 3739 3747 3768 3798 3823 3825 3926 4093 4104 4237 4260 4270 4353 4378 4451 4519 4600 4618 4807 4848 4957 4975 4976 4998 5000 5021 5050 5051 5065 5084 5100 5159 5193 5243 5291 5295 5309 5360 5380 5387 5429 5484 5495 5531 5538 5599 5611 5640 5755 5810 5854 5857 5949 6091 6093 6106 6114 6200 6214 6293 6298 6325 6343 6366 6368 6430 6523 6563 6605 6729 6865 6873 6909 6913 6926 7024 7089 7229 7231 7263 7268 7271 7290 7302 7308 7324 7339 7343 7353 7357 7407 7409 7412 7416 7419 7421 7483 7503 7529 7551 7553 7565 7634 7643 7663 7672 7688 7725 7730 7741 7743 7748 7799 7816 7818 7838 7903 7906 8062 8064 8074 8082 8095 8098 8131 11970 11985 11998 12008 12028 12029 12038 12054 12064 12065 12066 12079 12088 12093 12101 12104 12115 12121 12122 12131 12138 12149 12153 12157 12158 12159 12168 12169 12180 12181 12192 12200 12201 12210 12219 12220 12226 12234 12235 12244 12245 12256 12261 12277 12278 12290 12296 12300 12307 12319 12320 12321 12328 12329 12337 12338 12346 12353 12362 12363 12366 12367 12368 12374 12375 12376 12381 12382 12395 12404 12405 12410 12411 12417 12418 12419 12420 12421 12434 12439 12440 12441 12444 12445 12453 12460 12461 12462 12465 12466 12474 12475 12479 12480 12481 12489 12494 12495 12503 12508 12509 12510 12516 12517 12526 12527 12531 12547 12548 12554 12558 12559 12560 12565 12566 12570 12571 12579 12580 12581 12582 12589 12590 12591 12596 12603 12604 12605 12609 12610 12611 12617 12618 12625 12626 12627 12631 12637 12638 12647 12648 12649 12650 12660 12661 12666 12667 12674 12675 12688 12689 12697 12698 12699 12700 12701 12704 12705 12711 12712 12713 12719 12720 12721 12722 12727 12728 12735 12736 12743 12744 12745 12746 12752 12756 12757 12764 12765 12766 12770 12771 12772 12773 12774 12782 12783 12788 12789 12795 12802 12808 12809 12810 12811 12812 12815 12816 12817 12818 12819 12826 12827 12830 12834 12835 12836 12837 12838 12845 12846 12853 12854 12859 12860 12861 12867 12868 12869 12872 12873 12874 12875 12876 12881 12882 12883 12884 12893 12894 12895 12896 12903 12907 12908 12909 12912 12913 12914 12915 12916 12917 12921 12926 12927 12930 12931 12932 12933 12937 12942 12943 12949 12950 12951 12952 12953 12958 12959 12960 12961 12965 12966 12967 12968 12972 12973 12976 12977 12978 12979 12982 12983 12989 12990 12991 12992 12993 12997 12998 12999 13000 13001 13002 13003 13006 13007 13008 13013 13014 13015 13016 13017 13023 13024 13026 13027 13032 13033 13034 13035 13041 13042 13043 13046 13047 13048 13049 13056 13057 13058 13059 13064 13065 13070 13071 13075 13076 13078 13079 13080 13081 13085 13086 13087 13092 13098 13099 13100 13101 13102 13104 13105 13106 13114 13115 13116 13117 13123 13124 13125 13130 13131 13132 13133 13140 13141 13142 13143 13147 13151 13152 13153 13154 13155 13159 13160 13161 13162 13163 13164 13169 13170 13174 13179 13180 13181 13182 13186 13187 13188 13189 13192 13193 13199 13200 13201 13205 13206 13207 13210 13211 13219 13220 13221 13222 13223 13224 13227 13228 13236 13238 13241 13242 13243 13250 13251 13257 13260 13261 13264 13271 13272 13279 13283 13284 13290 13291 13302 13303 13317 13318 13324 13325 13334 13346 13348 13353 13354 
	}
	weather={
	}
}
