1 25 7527 13767 13801 13833 4011 13916 13943 7445 14011 14016 7162 4364 7622 6808 14113 14115 14119 14105 14078 14065 14051 8118 13997 7446 13915 
1 9 8118 14015 3013 14004 14005 13998 13972 13984 7445 
1 4 14004 14023 14026 7162 
1 8 13915 13922 13932 13930 13942 13926 13909 13972 
1 13 7445 13967 13936 13945 8020 7627 7669 13974 13988 5250 13948 13968 13978 
2 6 3921 1007 8510 5058 15092 3543 
1 3 8507 8522 1007 
1 4 15093 15090 6416 8507 
1 4 15093 2464 1460 8507 
2 8 8507 2413 4769 5288 8538 3707 5043 15076 
1 2 6697 3921 
1 2 5546 2464 
1 3 6416 3749 8462 
1 7 12788 12826 3287 4237 12893 12873 7663 
1 5 12809 12782 12752 5159 12826 
1 11 12941 6124 12997 13026 13041 6293 7748 12913 12926 12914 12873 
1 6 12880 12891 12925 12892 3534 12941 
1 8 12502 12546 1748 12603 12674 3798 12764 4237 
1 18 14675 14681 1475 14699 7594 4052 4846 3814 14731 6505 14747 5782 14761 14771 14762 14760 14757 4444 
1 9 3845 14653 14638 4188 7784 3469 14674 14678 14675 
1 6 2653 14851 2678 6271 6714 14584 
