state={
	id=1
	name="STATE_1"
	provinces={
		28 33 50 87 98 131 156 208 213 259 282 407 427 431 447 474 539 565 590 594 619 637 643 659 671 815 839 867 870 871 926 1107 1153 1217 1318 1376 1441 1467 1635 1668 1786 1801 1917 1965 2041 2077 2098 2211 2282 2310 2325 2560 2567 2600 2684 2689 2692 2830 2918 3071 3115 3143 3186 3399 3406 3583 3687 3690 3701 3730 3735 3785 3889 4054 4157 4217 4275 4407 4425 4428 4435 4536 4635 4714 4717 4783 5058 5085 5287 5716 5737 5943 5954 5959 6213 6388 6508 6543 6571 6665 6720 6883 6896 7354 7458 7459 7476 7479 7491 7508 7522 7544 7555 7557 7561 7573 7579 7580 7599 8633 8648 8659 8690 8701 8996 9062 9074 9076 
	}
	buildings_max_level_factor=1.000
        manpower=1
        state_category = town
}
