
state={
	id=10
	name="STATE_10"
	provinces={
		871 1586 1869 2051 2097 2310 2650 2946 3485 3500 4222 5440 5497 5880 6201 6456 6469 6524 6594 6650 7211 8545 8587 8727 10093 10149 10189 10678 11108 11223 13064 13336 13393 14530 14739 15480 15604 16587 18428 20386 21401 21773 22445 22478 24000 24273 24964 25137 27150 49776 49822 49886 49890 49975 49999 50009 50028 50079 50080 50144 50151 50174 50185 50225 50231 50238 50257 50262 50271 50277 50291 50296 50299 50320 50336 50348 50360 
	}
	manpower=0
	buildings_max_level_factor=1.000
	local_supplies=0.000
}
