state={
	id=10
	name="STATE_10"
	provinces={
		8 49 192 381 492 528 707 1171 1216 1411 1495 1520 1768 1875 2123 2566 2833 2944 2982 3066 3687 4012 4277 4728 5370 5376 5539 5765 5846 5914 5996 6151 6168 6271 6479 6487 6623 6821 7033 7306 7681 7828 8359 8609 8661 8868 8884 9031 9308 9453 9517 9595 9614 10129 10202 10290 10887 11057 11142 11275 11999 12175 12504 12516 12560 12654 13544 14901 15351 16029 16030 16398 16579 17303 17971 18001 18255 18322 18701 18962 18994 19283 19618 20207 20261 20987 21429 21476 21832 22715 22991 24301 24499 25375 25729 25967 27328 27580 27581 27588 27589 27598 27614 27628 27632 27636 27640 27644 27645 27647 27666 27670 27683 27702 27703 27718 27740 27754 27762 27770 27781 
	}
		
	history = {
		owner = RUS
		
		buildings = {
		}
		
		add_core_of = RUS
	}
    
	buildings_max_level_factor=1.000
        manpower=1
        state_category = rural
}
