state={
	id=100
	name="STATE_100"
	provinces={
		105 119 122 300 400 500 634 715 765 857 944 1002 1154 1172 1362 1695 2068 2118 2214 2275 2350 2482 2525 2780 2833 3020 3432 3492 3562 3624 3733 3747 3779 3846 3856 4056 4100 4195 4456 4500 4597 4734 4771 4843 4915 4950 5031 5052 5234 5390 5625 5688 5691 5724 5835 5994 6016 6166 6216 6291 6391 6444 6450 6502 6754 7039 7069 7080 7328 7445 8283 8304 8395 8416 8427 8432 8448 8475 8486 8493 8521 8542 8621 
	}
	buildings_max_level_factor=1.000
        manpower=1
        state_category = town
}
