state={
	id=101
	name="STATE_101"
	provinces={
		1040 1114 1276 1565 1877 2415 2924 5519 6112 7297 8065 8524 8572 9583 9621 11615 12197 12785 13016 13039 13838 14270 15964 16135 16542 17006 17089 17095 17135 17152 17676 18127 18169 19192 20375 20463 21713 23628 23984 24223 24280 24347 24454 25471 25475 25601 27484 38582 38620 38621 38679 38729 38780 38781 38966 38983 39004 39052 39089 39090 39162 39186 39213 39232 39308 39329 39330 39371 39479 39480 39481 39502 39536 39667 39668 39786 39831 39843 39881 39882 40050 40148 40180 40274 40491 40547 40663 
	}
	history = {
		owner = UKR
		
		buildings = {
		}
		
		add_core_of = UKR
	}
	buildings_max_level_factor=1.000
        manpower=1
        state_category = rural
}
