state={
	id=104
	name="STATE_104"
	provinces={
		458 679 1000 1248 1253 2463 2548 2912 2941 3397 4263 4448 4510 4856 5083 5256 5417 5598 5651 5655 5718 5724 5802 5968 6116 6160 6278 6394 6397 6457 6803 6822 6903 6979 7009 7031 7342 7510 7559 7595 7658 7744 7862 7931 7962 7987 8053 8093 8101 8121 8557 8560 8563 8564 8566 8568 8575 8577 8578 8579 8581 8591 8593 8594 8597 8598 8599 8607 8610 8611 8613 8614 8619 8620 8621 8628 8629 8636 8640 8641 8643 8646 8647 8652 8653 8657 8658 8666 8671 8675 8676 8680 8681 8683 8693 8700 8701 8702 8711 8712 8717 8722 8723 8726 8732 8733 8734 8741 8742 8743 8752 8757 8758 8759 8767 8776 8777 8782 8783 8785 8786 8791 8792 8796 8800 8804 8808 8809 8812 8814 8820 8826 8835 8837 8844 8852 8856 8863 8870 8879 8883 8906 8930 
	}
	buildings_max_level_factor=1.000
        manpower=1
        state_category = town
}
