
state={
	id=105
	name="STATE_105"
	provinces={
		3385 5768 6698 6761 7241 10343 11062 13739 15516 16564 16743 17547 17794 18270 19896 23417 23733 23891 25052 25425 26407 26511 37044 37129 37218 37242 37299 37343 37366 37468 37496 37522 37555 37576 37623 37624 37666 37711 37712 37731 37753 37798 37846 37899 37976 38018 38044 38211 38249 
	}

	history = {
        owner = UKR
		add_core_of = UKR
		
    }

	manpower=56993
	buildings_max_level_factor=1.000
	state_category=city
	local_supplies=0.000
}
