state={
	id=105
	name="STATE_105"
	provinces={
		74 181 619 903 1090 1989 2846 3425 4591 4908 5223 5346 5452 5469 5622 5640 5666 5683 5748 5863 5974 5988 6062 6208 6247 6335 6367 6401 6630 6874 7328 7333 7340 7342 7348 7354 7355 7358 7361 7364 7369 7375 7385 7386 7394 7395 7396 7401 7413 7414 7416 7417 7422 7426 7430 7438 7447 7449 7450 7453 7454 7456 7460 7473 7480 7481 
	}
	history={
		owner = UKR
		add_core_of = UKR
	}
	buildings_max_level_factor=1.000
        manpower=1
        state_category = town
}
