state={
	id=109
	name="STATE_109"
	provinces={
		1767 1769 2248 2788 3489 3603 3741 3993 4329 4913 5036 5304 5551 5570 5633 6071 6173 6305 6443 6507 6569 6747 6797 6820 7133 7143 7512 7547 7602 7861 8006 8055 8624 8626 8627 8650 8651 8661 8669 8674 8679 8686 8696 8699 8704 8708 8709 8721 8729 8730 8736 8737 8764 8765 8770 8774 8780 8789 8790 8795 8801 8802 8806 8813 8817 8828 8842 8854 8860 8861 8866 8867 8887 
	}
	buildings_max_level_factor=1.000
        manpower=1
        state_category = town
}
