
state={
	id=111
	name="STATE_111"
	provinces={
		846 1711 2123 2351 4438 4855 4902 5844 6044 6206 7222 7420 7444 8962 9157 9395 9952 11225 12044 12230 13017 13787 14269 14855 15228 15507 15813 16597 17070 18253 19390 19538 20320 20731 21462 21597 21951 21974 22172 22703 22958 23001 24277 24375 24429 24680 24744 25306 25874 25947 42213 42329 42453 42476 42649 42650 42679 42750 42773 42799 42813 42950 42951 42972 42973 42992 43010 43011 43067 43105 43123 43124 43125 43151 43170 43195 43250 43251 43271 43272 43306 43327 43350 43380 43398 43434 43453 43454 43507 43529 43592 43593 43611 43645 43646 43732 43778 43824 43825 43926 43951 44003 44042 44098 44167 44252 44292 44385 44446 44540 44748 44771 44791 44792 44968 45116 45137 45283 45309 45729 
	}
	manpower=0
	buildings_max_level_factor=1.000
	local_supplies=0.000
}
