state={
	id=112
	name="STATE_112"
	provinces={
		29 216 320 514 515 779 893 1202 1240 1242 1324 1368 1440 1618 1670 1745 2161 2236 2322 2384 2404 2440 2594 2933 3180 3230 3234 3806 3842 3878 4063 4064 4122 4309 4363 4779 4849 5017 5171 5218 5313 5318 5374 5716 6079 6136 6188 6460 6619 6700 6734 6819 6876 7140 7172 7191 7325 7380 7514 7522 7833 7962 7971 8023 8068 8295 8454 8656 8708 8738 8801 8888 8970 9422 9699 9796 9833 10023 10308 10685 10732 10754 10844 10966 11061 11448 11543 11594 11725 11727 11914 12060 12344 12368 12685 12855 12984 13196 13310 13361 13547 13583 13613 13850 13901 13923 14051 14098 14101 14269 14421 14620 14628 14744 14819 14848 15134 15227 15675 15717 15764 15796 15850 15994 16056 16072 16156 16190 16234 16351 16379 16684 16728 16768 16963 17080 17127 17156 17383 17862 17893 17936 18122 18464 18565 18597 18707 19104 19135 19298 19589 19600 19616 19750 19827 19887 19981 20170 20177 20378 20427 20495 20696 20861 20864 20934 20979 21380 21515 21738 21807 21925 21959 21997 22165 22307 22460 22492 22516 22756 22822 23008 23180 23391 23476 23579 23601 24038 24134 24139 24202 24523 24574 24872 24883 24947 25014 25156 25226 25452 25492 25932 26233 26301 26302 26476 26524 26742 26809 26901 27028 27238 27302 27364 27373 27437 27529 39263 39313 39380 39394 39413 39468 39469 39470 39555 39632 39633 39658 39735 39736 39766 39778 39867 39917 39938 39959 40060 40077 40153 40206 40207 40208 40209 40226 40261 40311 40373 40400 40443 40444 40497 40498 40516 40517 40536 40555 40567 40583 40602 40603 40655 40667 40687 40688 40703 40710 40761 40762 40763 40802 40830 40854 40925 40926 40935 40955 40956 40973 40974 40975 40995 41034 41035 41053 41072 41073 41090 41091 41161 41181 41201 41221 41222 41238 41270 41282 41317 41354 41355 41390 41391 41392 41428 41443 41472 41535 41559 41571 41624 41642 41678 41697 41717 41734 41747 41767 41768 41795 41825 41839 41860 41892 41930 41931 41977 41995 42009 42010 42011 42055 42070 42116 42117 42137 42138 42139 42159 42174 42189 42251 42268 42283 42309 42310 42331 42346 42362 42396 42397 42417 42438 42456 42457 42504 42527 42563 42564 42577 42578 42631 42650 42651 42652 42720 42721 42743 42744 42745 42768 42808 42842 42858 42859 42916 42917 42938 42939 42953 42991 43005 43006 43032 43053 43054 43102 43118 43133 43134 43154 43168 43169 43170 43222 43223 43274 43275 43297 43330 43331 43362 43363 43401 43424 43436 43484 43529 43550 43568 43591 43592 43620 43639 43685 43686 43727 43760 43786 43808 43873 43937 43961 43962 44037 44059 44081 44111 44112 44230 44251 44252 44376 44406 44427 44428 44451 44602 44739 
	}
	history = {
		owner = SLV
		
		buildings = {
		}
		
		add_core_of = SLV
	}
	buildings_max_level_factor=1.000
        manpower=1
        state_category = rural
}
