
state={
	id=112
	name="STATE_112"
	provinces={
		585 1140 6025 6163 7483 7695 7794 8442 9268 9731 10159 12061 12493 15300 15520 15685 15771 16553 16866 17073 17129 18672 21103 21456 21478 22784 22930 22944 23325 24604 26460 26694 42699 42849 43171 43273 43274 43307 43415 43612 43647 43692 43733 43860 43900 44023 44078 44099 44100 44195 44216 44293 44294 44367 44368 44447 44448 44564 44565 44591 44648 44649 44690 44691 44772 44793 
	}
	manpower=0
	buildings_max_level_factor=1.000
	local_supplies=0.000
}
