
state={
	id=113
	name="STATE_113"
	provinces={
		132 556 1593 3471 3566 3787 5086 5905 6345 8243 8298 8575 9178 10393 11584 11661 11786 12437 13342 13731 15797 16639 17179 17784 17808 17836 17976 18375 18655 19550 19601 20217 21888 22363 22680 23343 23932 24953 24997 25822 26551 43326 43506 43527 43569 43730 43800 43823 43882 43950 43978 44002 44076 44097 44125 44151 44251 44326 44347 44366 44383 44426 44444 44563 44631 44769 44770 44790 44836 44875 44984 45009 45115 45175 45359 45373 45445 45576 45597 45728 45804 45867 45924 46027 46071 
	}
	manpower=0
	buildings_max_level_factor=1.000
	local_supplies=0.000
}
