state={
	id=114
	name="STATE_114"
	provinces={
		1019 1448 1496 1685 3019 4016 5696 5952 6658 9076 9387 10007 10042 11565 14308 15230 16809 18532 18849 19282 19370 19453 20697 21015 21040 22673 23726 23769 24476 24542 24759 26727 26767 39483 39517 39566 39585 39630 39669 39691 39729 39857 39900 39901 39902 39995 40030 40031 40032 40075 40103 40118 40182 40221 40255 40275 40276 40277 40278 40333 40393 40437 40454 40526 40527 40579 40611 40664 40679 40723 40795 40825 40875 41015 
	}
	buildings_max_level_factor=1.000
        manpower=1
        state_category = rural
}
