
state={
	id=115
	name="STATE_115"
	provinces={
		827 1313 2129 2204 2701 4121 7203 7363 7605 7646 8229 11885 12020 12491 13375 14161 14283 14653 15355 15962 16212 16510 18828 19997 21104 21761 23454 24563 24612 24837 25989 26132 26303 26448 26532 26729 36229 36392 36418 36438 36493 36620 36661 36821 36846 36872 36873 36917 36918 37023 37036 37037 37080 37081 37100 37208 37209 37261 37262 37446 37463 37517 37535 37614 37681 37812 37859 38037 38223 38264 38291 38445 
	}

	history = {
        owner = UKR
		add_core_of = UKR

	}

	manpower=24122
	buildings_max_level_factor=1.000
    state_category=rural
	local_supplies=0.000
}
