state={
	id=115
	name="STATE_115"
	provinces={
		80 2084 2767 3372 3873 4279 4618 4737 5015 5778 7023 7102 7327 7405 8233 11808 12017 12187 13464 13998 14524 14639 15361 16152 18356 18472 18568 19833 19934 20883 21096 21200 26419 26505 26783 39611 39730 39787 39788 39810 39903 39930 39931 39963 39964 39982 39996 40082 40104 40149 40162 40183 40222 40256 40309 40334 40335 40351 40394 40438 40528 40529 40550 40551 40612 40680 40708 40773 40812 40826 40844 40876 40918 40919 40948 40989 41048 41088 41123 41196 41216 
	}
	buildings_max_level_factor=1.000
        manpower=1
        state_category = rural
}
