state={
	id=116
	name="STATE_116"
	provinces={
		268 1614 1834 2241 2860 3299 3933 4566 4973 5289 5562 5630 5829 5894 6069 6109 6117 6272 6478 6510 6604 6764 7082 7122 7218 7482 7873 7908 7997 8045 8569 8576 8590 8603 8605 8606 8615 8623 8630 8637 8644 8648 8659 8664 8672 8677 8678 8684 8689 8694 8703 8714 8724 8727 8735 8747 8748 8753 8754 8755 8760 8768 8769 8772 8778 8779 8784 8787 8788 8793 8794 8797 8805 8810 8815 8816 8821 8827 8830 8831 8832 8838 8839 8857 8858 8859 8864 8871 8875 8884 8885 8892 8893 8899 8909 8920 8924 8925 8935 8938 8939 8952 8959 8962 8964 8976 8987 8988 8989 8990 8991 8998 9013 9025 9026 9052 9062 9092 9130 
	}
	history={
		victory_points = { 8677 5 }
		victory_points = { 8787 5 }
                buildings = {infrastructure = 2}
		owner = UKR
		add_core_of = UKR
	}
	buildings_max_level_factor=1.000
        manpower=1
        state_category = town
}
