
state={
	id=117
	name="STATE_117"
	provinces={
		93 163 2247 2366 2728 2769 3288 7103 9926 11655 11701 14259 14372 14635 15510 16281 16636 16745 16969 16976 17118 18743 19535 20199 20612 20677 21480 22581 23094 23991 24037 24446 24957 25468 25786 26028 26187 26503 26796 27086 40626 40740 40770 40794 40835 40851 40899 40920 40983 41063 41164 41191 41240 41259 41311 41374 41375 41390 41474 41532 41550 41570 41571 41682 41745 41746 41812 41954 41955 42004 42163 42230 42377 42594 42677 42749 43027 
	}
	manpower=0
	buildings_max_level_factor=1.000
	local_supplies=0.000
}
