state={
	id=117
	name="STATE_117"
	provinces={
		1869 2014 2158 2215 2323 2992 3562 4477 4534 4596 5215 8101 8200 9542 14296 14647 15892 16485 17451 18500 18721 19651 20082 20529 21192 21265 21523 22421 22836 23336 23739 23848 24277 24366 25389 26568 39952 40052 40053 40074 40117 40181 40198 40220 40238 40308 40391 40392 40412 40436 40475 40525 40549 40595 40610 40628 40695 40722 40744 40756 40757 40843 41047 41069 41087 41104 41194 41266 41334 41367 41399 41437 41507 41552 41566 41618 41691 41712 41761 41958 42097 
	}
	history = {
		owner = UKR
		
		buildings = {
		}
		
		add_core_of = UKR
	}
	buildings_max_level_factor=1.000
        manpower=1
        state_category = rural
}
