
state={
	id=118
	name="STATE_118"
	provinces={
		918 3261 3894 4663 5469 7842 8416 9165 9969 11123 11216 11988 12067 12389 12652 12979 13442 16027 16686 17096 18003 18351 18875 19686 21229 21350 21475 22691 23195 24152 24935 25230 25417 26594 27036 36007 36180 36250 36288 36306 36329 36439 36531 36662 36786 36973 37024 37056 37155 37186 37210 37263 37335 37374 37395 37489 37587 37682 37706 37777 37792 37839 37840 37882 37893 37994 38074 38131 38292 38317 38344 38467 
	}
	manpower=0
	buildings_max_level_factor=1.000
	local_supplies=0.000
}
