state={
	id=119
	name="STATE_119"
	provinces={
		495 947 2196 3509 3644 5303 7886 8003 8283 8647 8764 8775 10111 11765 12641 12989 13252 14969 15205 17228 19416 19634 19654 20147 20729 22687 24371 25513 25859 26894 40562 40707 40754 40840 40873 40916 41101 41233 41246 41265 41276 41349 41420 41435 41467 41505 41528 41529 41584 41595 41596 41652 41671 41710 41782 41834 41902 41957 42045 42062 42184 42240 42319 42429 
	}
	history = {
		owner = UKR
		
		buildings = {
		}
		
		add_core_of = UKR
	}
	buildings_max_level_factor=1.000
        manpower=1
        state_category = rural
}
