state={
	id=12
	name="STATE_12"
	provinces={
		120 166 242 378 538 574 709 811 838 923 984 1077 1111 1205 1260 1264 1277 1287 1410 1475 1577 1853 2115 2200 2328 2478 2603 2623 2668 2712 2719 2760 3229 3534 3548 3576 3707 3736 3851 3879 4010 4080 4107 4139 4192 4250 4274 4338 4400 4419 4497 4873 5010 5310 5373 5426 5579 5755 5894 6006 6054 6144 6192 6326 6466 6571 6944 7011 7028 7187 7309 7316 7480 7518 7529 7636 7728 8403 8447 8487 8681 8869 8899 9044 9045 9071 9411 9619 9651 9730 9800 10301 10498 10984 11235 11455 11807 12039 12165 12410 12506 12571 12755 12843 13045 13380 13546 13741 13913 14159 14262 14481 14762 14782 14802 15057 15286 15528 15739 15868 15931 16104 16275 17327 17456 17626 18089 18156 18794 19033 19236 19300 19605 19698 19777 19932 20334 20935 21605 21876 22416 22575 22621 23357 23606 23782 23785 23960 24092 24163 24490 24855 25292 25430 25768 26055 26065 26184 26328 26331 26534 26616 26805 27094 27615 27624 27633 27637 27641 27651 27658 27679 27704 27713 27716 27720 27726 27728 27731 27733 27749 27751 27763 27771 27788 27792 27799 27806 27811 27825 27832 27835 27854 27855 27869 27877 27893 27894 27899 27936 27980 27995 27997 28000 28039 28048 28050 28092 28095 28111 28134 28202 28229 28264 28270 28349 28397 28437 28496 28546 28549 
	}
	buildings_max_level_factor=1.000
        manpower=1
        state_category = rural
}
