state={
	id=121
	name="STATE_121"
	provinces={
		85 108 233 310 339 410 456 507 556 855 896 938 1261 1317 1365 1410 1694 1982 1986 2094 2099 2148 2300 2334 2355 2380 2425 2431 2507 2537 2545 2651 2805 2809 2834 3121 3306 3361 3422 3452 3465 3620 3621 3658 3672 3764 3817 3824 3911 3936 3952 3956 3961 4060 4116 4120 4126 4180 4251 4256 4292 4369 4396 4416 4421 4443 4472 4524 4691 4814 4838 4910 4932 5005 5123 5303 5394 5407 5442 5483 5518 5541 5563 5635 5658 5675 5679 5684 5736 5747 5888 5917 5964 6086 6178 6196 6301 6537 6728 6771 6789 6813 6868 6882 6888 6966 7038 7100 7106 7116 7179 7207 7380 7391 8368 8383 8384 8406 8426 8428 8452 8461 8473 8481 8485 8487 8490 8513 8520 8524 8525 8527 8530 8535 8537 8538 8539 8543 8546 8547 8603 8616 
	}
	buildings_max_level_factor=1.000
        manpower=1
        state_category = town
}
