
state={
	id=121
	name="STATE_121"
	provinces={
		1609 2808 5137 6233 6306 6586 6704 7070 7121 8624 9210 9542 10178 10200 11279 11395 11594 11859 12255 12433 13449 13630 15093 15127 16596 17476 18641 20023 20218 21141 22418 22873 23426 24674 25797 26855 26961 27009 27065 36686 36727 36874 36974 37122 37233 37234 37264 37447 37491 37518 37588 37662 37707 37723 37860 37861 37895 37913 37932 38038 38059 38243 38265 38266 38318 38319 38488 38693 38783 38817 38876 38997 38998 39211 
	}
	manpower=0
	buildings_max_level_factor=1.000
	local_supplies=0.000
}
