
state={
	id=122
	name="STATE_122"
	provinces={
		381 1268 1663 2240 3666 4118 4337 4652 4816 5061 5103 6369 7531 8924 9709 10184 13438 14550 15076 16678 17783 18837 19435 20530 21202 21803 21941 23506 24801 24840 25225 25575 26474 38738 38797 38904 38905 39016 39017 39018 39103 39128 39129 39167 39168 39189 39212 39234 39251 39267 39332 39333 39354 39369 39389 39411 39435 39451 39489 39509 39510 39587 39607 39608 39632 39684 39710 39733 39813 39853 39854 39954 40034 40035 40084 40106 40291 
	}

	history = {
        owner = UKR
		add_core_of = UKR

	}

	manpower=15073
	buildings_max_level_factor=1.000
	state_category=rural
	local_supplies=0.000
}
