state={
	id=122
	name="STATE_122"
	provinces={
		203 448 480 524 562 606 912 955 1235 1368 1598 1602 1609 1876 1891 1956 2480 2532 2564 2573 2608 2631 2685 2718 2731 2737 2742 2743 2779 2822 2837 2915 3131 3195 3219 3415 3756 3766 3794 3925 4097 4382 4391 4426 4639 5078 5139 5353 5686 5695 5729 5888 6431 6578 6842 6869 6914 7616 7831 7895 8056 8073 8152 8195 8318 8407 8528 
	}
	history={
		owner = UKR
		add_core_of = UKR
	}
	buildings_max_level_factor=1.000
        manpower=1
        state_category = town
}
