
state={
	id=123
	name="STATE_123"
	provinces={
		2178 3589 3765 4474 5690 5989 6070 8155 9811 9887 12008 12824 13147 13511 15144 15971 17194 19255 19842 22189 22640 22700 24027 24511 24668 25366 25899 26029 37211 37549 37568 37569 37664 37745 37864 37883 38012 38061 38206 38225 38269 38295 38446 38469 38470 38581 38664 38665 38714 38715 38877 38951 39000 39073 39148 39213 39412 39413 39588 39753 39754 40036 40126 40414 40521 
	}

	history = {
        owner = UKR
		add_core_of = UKR

	}

	manpower=0 #Нема
	buildings_max_level_factor=1.000
	state_category=rural
	local_supplies=0.000
}
