
state={
	id=124
	name="STATE_124"
	provinces={
		152 774 1402 2154 4529 5838 6259 6551 8091 8520 8766 9295 10774 12821 12845 13281 13383 14716 15081 15121 15455 16355 17120 17155 19403 20462 20478 20484 20942 21734 23270 23281 23984 24144 24589 24800 25330 26398 26484 26517 26578 26710 41143 41312 41333 41497 41617 41852 41916 42005 42062 42231 42345 42432 42502 42571 42678 42698 42825 42848 42949 43104 43150 43169 43270 43349 43570 43591 43628 43731 43759 43899 44077 44126 44127 44269 44445 44508 44611 44647 
	}
	manpower=0
	buildings_max_level_factor=1.000
	local_supplies=0.000
}
