
state={
	id=125
	name="STATE_125"
	provinces={
		299 1163 1339 2858 5165 5652 7095 7345 7728 8652 8769 9822 11149 11444 12106 12466 12679 12792 14112 14393 14731 14748 14883 15185 15828 15960 16505 16739 16933 17241 18187 18231 18365 19146 20505 20597 21516 21891 22377 22676 22783 22870 23598 24457 24790 25245 25802 27021 40249 40326 40327 40484 40519 40562 40600 40601 40703 40771 40813 40921 40984 41099 41206 41260 41261 41285 41286 41353 41475 41476 41634 41704 41725 41869 41890 42020 42112 42293 42328 42346 42625 42826 43305 43485 43528 
	}
	manpower=0
	buildings_max_level_factor=1.000
	local_supplies=0.000
}
