state={
	id=125
	name="STATE_125"
	provinces={
		125 817 1090 1183 2180 2430 3241 3480 3549 4157 4600 5259 5718 5762 5851 5978 6883 7635 7735 7921 8326 8725 9111 9126 9165 9423 9450 9640 10863 11127 11970 12223 12463 12626 12967 13425 14288 14518 14576 14780 14996 15795 15840 16107 16342 16861 17319 17466 17542 17944 18430 18767 18848 18965 19237 19554 19677 20075 20130 20204 20533 20540 20936 21184 21331 22441 22647 22664 23002 23453 23488 23734 23966 24225 24410 24431 24798 24879 25154 25245 25793 26030 26277 26312 26483 26750 26964 26988 27045 27110 41136 41364 41483 41583 41614 41709 41780 41781 41807 41821 41940 41955 41956 41971 42043 42044 42112 42130 42131 42132 42152 42169 42170 42198 42340 42354 42355 42370 42382 42383 42407 42428 42484 42485 42516 42517 42534 42535 42574 42663 42664 42665 42681 42715 42757 42758 42759 42760 42816 42837 42838 42871 42872 42883 42946 42947 42983 42998 43022 43073 43096 43114 43165 43178 43179 43213 43247 43268 43288 43320 43358 43359 43390 43414 43415 43432 43457 43524 43584 43677 43719 43720 43743 43780 44024 44139 
	}
	history = {
		owner = UKR
		
		buildings = {
		}
		
		add_core_of = UKR
	}
	buildings_max_level_factor=1.000
        manpower=1
        state_category = rural
}
