
state={
	id=126
	name="STATE_126"
	provinces={
		683 1245 1271 1277 3926 4738 5780 7641 9033 9603 9798 10006 10870 11191 12954 13224 13356 15301 18902 20205 21181 21626 22042 25210 25706 26362 26766 26797 27017 27175 38625 38852 38853 39052 39053 39266 39286 39331 39450 39470 39488 39508 39631 39657 39683 39709 39777 39812 39852 39902 39936 39971 40010 40059 40060 40160 40183 40248 40274 40290 40341 40372 40412 40413 40518 40537 40578 40599 40627 
	}

	history = {
        owner = UKR
		add_core_of = UKR

	}

	manpower=29241
	buildings_max_level_factor=1.000
	state_category=rural
	local_supplies=0.000
}
