state={
	id=127
	name="STATE_127"
	provinces={
		928 1137 1446 1489 1702 2846 2988 3171 3381 3457 3973 4035 4691 4787 5138 5707 5799 5802 5850 6928 6995 7195 7350 7559 7868 7983 8020 8039 8056 8579 8845 8873 8906 9146 9157 9347 9713 9844 10103 10441 10912 10939 10946 11019 11908 11959 12263 12331 12474 13071 13167 13525 13867 14041 14091 14341 14372 14544 14571 14592 15165 15412 15506 15693 16074 16174 16957 17334 17398 17444 17889 17998 18199 18331 18407 18518 18649 18733 18758 19359 19399 19500 19912 19975 20080 20337 20589 20683 20763 21004 21257 21270 21459 21562 21608 21893 22188 22211 22256 22614 22695 22751 22753 22771 23481 23553 23964 24164 24165 24237 24466 24516 24782 24898 25643 25919 26528 26799 27209 41044 41062 41063 41064 41210 41229 41363 41384 41395 41451 41502 41526 41548 41649 41650 41668 41707 41757 41804 41833 41849 41850 41872 41873 41882 41901 41920 41921 41939 42001 42002 42003 42023 42041 42078 42110 42127 42166 42182 42216 42217 42218 42275 42276 42317 42353 42379 42380 42405 42449 42463 42483 42515 42553 42554 42570 42586 42680 42754 42755 42778 42869 42870 42928 42929 42930 42962 42963 42981 43019 43043 43058 43059 43113 43143 43144 43163 43208 43209 43210 43228 43265 43287 43307 43308 43338 43355 43356 43372 43411 43455 43522 43556 43557 43579 43599 43693 43694 43736 43737 43778 43884 43885 43930 43969 43988 44048 44049 44070 44122 44175 44176 44214 44263 44279 44347 44388 44490 44519 44520 44573 44592 44631 44632 44732 44753 44773 44789 44806 44824 44912 44913 45018 45115 45145 45196 45308 45374 45397 45398 45567 45568 45707 45765 45904 46028 46167 46202 
	}
	buildings_max_level_factor=1.000
        manpower=1
        state_category = rural
}
