
state={
	id=127
	name="STATE_127"
	provinces={
		1676 4796 5426 5551 5666 8630 9954 10638 16988 18742 20465 21994 22469 22994 23232 23675 23798 25097 25421 40343 40520 40538 40579 40602 40742 40814 40815 40923 40986 41000 41001 41078 41144 41165 41241 41313 41376 41413 41449 41657 41747 41766 41813 41830 41891 41983 42063 42114 42142 42214 42233 42294 42348 42434 42454 42572 42626 42774 42974 
	}
	history = {
        owner = UKR
		add_core_of = UKR
	}
	manpower=20328
	state_category=rural
	buildings_max_level_factor=1.000
	local_supplies=0.000
}
