state={
	id=128
	name="STATE_128"
	provinces={
		554 4300 6220 6528 6628 6886 7450 9063 9801 11047 11095 11247 11482 12025 12659 13344 13652 13973 14781 14797 14822 15427 16394 16643 17532 17548 18561 19175 19908 21544 22357 22470 22595 23505 24012 24316 24361 24764 24967 26087 26491 41299 41393 41560 41658 41679 41735 41736 41748 41840 41861 41932 41943 42012 42071 42072 42101 42140 42141 42175 42206 42229 42252 42284 42285 42332 42439 42611 42653 42688 42706 42722 42769 42825 42826 42896 42940 42992 43007 43065 43066 43190 43236 43237 43332 43364 43512 43607 43621 43640 43687 43904 43905 43938 44013 44060 44113 44361 44502 
	}
	buildings_max_level_factor=1.000
        manpower=1
        state_category = rural
}
