
state={
	id=128
	name="STATE_128"
	provinces={
		1604 3320 3413 5889 7287 8855 11332 12208 12968 13296 13351 14118 14245 14435 16154 16399 17743 19687 20095 20342 24686 25868 26483 26520 26759 38642 38694 38906 38999 39019 39071 39072 39190 39235 39252 39268 39287 39452 39531 39633 39734 39735 39736 39937 39938 39939 40085 40107 40146 40184 40198 40292 40342 40373 40393 
	}
	history = {
        owner = UKR
		add_core_of = UKR
	}
	manpower=31118
	buildings_max_level_factor=1.000
	state_category=rural
	local_supplies=0.000
}