
state={
	id=129
	name="STATE_129"
	provinces={
		261 1089 1366 1502 1612 2814 2890 3059 4539 5026 7462 8649 8779 8862 9628 9826 10110 13465 13776 14249 15299 16426 16837 17846 20239 20441 20824 23879 24275 24356 24579 25520 25560 25825 25836 25856 25941 26395 26857 27010 27158 27205 27249 40643 40664 40741 40772 40773 40875 40900 40922 40985 41192 41334 41431 41477 41590 41591 41592 41656 41705 41706 41726 41727 41790 41870 41871 41917 41940 42006 42113 42141 42164 42232 42250 42330 42347 42433 42477 42546 
	}

	history = {
        owner = UKR
		add_core_of = UKR

	}

	manpower=36507
	buildings_max_level_factor=1.000
	state_category=rural
	local_supplies=0.000
}
