state={
	id=129
	name="STATE_129"
	provinces={
		143 151 322 324 492 526 577 622 635 637 650 689 714 721 753 756 792 795 808 809 831 864 894 952 1002 1023 1108 1168 1233 1304 1339 1360 1363 1372 1445 1508 1532 1561 1683 1746 1759 1802 1898 1984 1995 2024 2042 2060 2078 2113 2147 2275 2281 2325 2360 2419 2423 2435 2447 2469 2839 2879 2977 3068 3121 3128 3186 3192 3213 3290 3332 3384 3430 3499 3504 3542 3545 3818 3901 3960 3964 3965 4072 4139 4216 4235 4238 4239 4357 4483 4608 4673 4744 4901 4981 4985 5062 5077 5179 5261 5364 5405 5430 5489 5601 5715 5815 5838 6007 6112 6292 6387 6426 6468 6734 6805 6883 8039 8047 8410 9086 9247 9405 
	}
	buildings_max_level_factor=1.000
        manpower=1
        state_category = town
}
