
state={
	id=130
	name="STATE_130"
	provinces={
		678 702 1674 3660 3663 3688 4660 4711 5461 6267 6879 8635 9853 12307 12473 14257 14726 15939 16914 18716 18726 18730 18758 19197 22391 23697 24269 24519 25412 25618 26420 27099 36256 36293 36310 36331 36373 36443 36498 36515 36516 36566 36623 36624 36625 36667 36734 36828 36990 37127 37213 37214 37293 37315 37340 37362 37405 37406 37494 37519 37520 37644 37727 37843 37897 37938 38043 38081 38082 
	}

	history = {
        owner = UKR
        
		add_core_of = UKR
	}

	manpower=33700
	buildings_max_level_factor=1.000
	state_category=rural
	local_supplies=0.000
}
