state={
	id=130
	name="STATE_130"
	provinces={
		2842 2853 3679 4578 5900 7124 7737 8162 8771 12042 12439 12677 12698 13395 14016 14070 15215 16192 17523 17775 19368 20437 20707 21657 22896 23202 24054 24171 25734 26064 26171 26308 26435 41213 41248 41421 41436 41551 41597 41598 41653 41725 41760 41783 41835 41883 41989 42063 42096 42113 42154 42241 42263 42277 42299 42386 42431 42450 42451 42464 42487 42559 42602 42644 42732 42801 42802 42803 42818 42934 42949 42969 42999 43023 43128 43182 43215 43230 43324 43340 43391 43493 
	}
	history = {
		owner = UKR
		
		buildings = {
		}
		
		add_core_of = UKR
	}
	buildings_max_level_factor=1.000
        manpower=1
        state_category = rural
}
