
state={
	id=131
	name="STATE_131"
	provinces={
		1056 3845 4691 5259 5472 6255 6862 8174 9406 9896 10867 13076 14589 16570 16867 16894 16924 16926 17825 18214 18775 19555 24863 25587 25645 26189 26389 26430 26570 38360 38424 38537 38695 38739 38878 38933 39149 39308 39355 39453 39454 39471 39472 39511 39658 39685 39686 39711 39755 39814 39815 39878 39903 39921 39955 39991 40037 40108 40440 
	}

	history = {
        owner = UKR
        
		add_core_of = UKR
	}

	manpower=26245
	buildings_max_level_factor=1.000
    state_category=rural
	local_supplies=0.000
}
