state={
	id=132
	name="STATE_132"
	provinces={
		87 165 461 673 987 2241 3539 3795 4804 5501 9217 10227 10762 11447 12421 13009 15628 15738 15754 16157 17157 18057 19486 21066 24758 24801 25165 25710 26432 26449 41724 41903 42046 42095 42261 42262 42320 42384 42430 42486 42536 42537 42556 42601 42643 42716 42817 42884 42948 42967 43045 43115 43145 43180 43214 43289 43321 43433 43491 43663 
	}
	history = {
		owner = UKR
		
		buildings = {
		}
		
		add_core_of = UKR
	}
	buildings_max_level_factor=1.000
        manpower=1
        state_category = rural
}
