state={
	id=133
	name="STATE_133"
	provinces={
		537 2884 2984 3478 4040 4276 4824 4904 5107 5196 5374 5382 5634 5955 6414 6447 6585 6642 6681 6767 6832 7208 7361 7562 7714 7720 7811 7839 7913 7916 7923 8066 8811 8822 8823 8840 8847 8848 8865 8880 8900 8910 8916 8917 8921 8926 8940 8946 8953 8960 8965 8977 8981 8992 8993 8999 9010 9019 9020 9021 9027 9028 9035 9036 9043 9048 9054 9058 9063 9064 9070 9076 9077 9084 9089 9097 9103 9111 9132 9133 9150 9156 9157 9158 9172 9179 9180 9188 9189 9190 9214 9221 9222 9227 9238 9252 9258 9262 9271 9277 9313 9361 
	}
	history={
		victory_points = { 6767 10 }
		owner = UKR
		add_core_of = UKR

		buildings = {
			infrastructure = 2
		}
	}
	buildings_max_level_factor=1.000
        manpower=1
        state_category = town
}
