
state={
	id=134
	name="STATE_134"

	history={
		owner = PMR
		add_core_of = PMR

	}

	provinces={
		1255 2474 3106 3727 5175 5941 7537 7945 8140 10349 10700 10866 11104 14047 15432 16397 17203 18502 18706 24018 24162 27047 41473 41655 41850 41867 41915 41936 41952 41953 42084 42137 42138 42292 42520 42747 42812 42865 42900 42918 43008 43051 43083 43213 43214 43324 43348 43504 43525 43567 43691 43777 43975 44193 
	}
	manpower=43410
	buildings_max_level_factor=1.000
	state_category=rural
	local_supplies=0.000
}
