
state={
	id=14
	name="STATE_14"
	provinces={
		77 1260 1757 1863 1894 2585 3543 4387 4830 5095 5177 6296 6559 6990 7711 8841 8869 9296 9394 12010 12563 16215 16348 16367 16568 16829 18192 21519 21757 22559 22715 22809 24343 24535 26054 49090 49257 49285 49330 49397 49435 49449 49469 49476 49511 49518 49543 49591 49596 49597 49625 49629 49655 49658 49688 49689 49725 49726 49766 49805 
	}
	history = {
        owner = CRI
		add_core_of = CRI
		
    }
	state_category=city
	manpower=32118
	buildings_max_level_factor=1.000
	local_supplies=0.000
}
