
state={
	id=14
	name="STATE_14"
	provinces={
		1 22 24 60 65 77 80 104 107 115 129 135 145 217 221 242 244 311 318 323 366 382 394 416 425 427 498 506 522 544 564 586 607 669 769 772 775 858 865 869 886 922 965 976 990 1008 1012 1028 1067 1108 1178 1201 1217 1223 1244 1275 1310 1327 1365 1383 1420 1425 1448 1479 1482 1528 1550 1568 1584 1626 1630 1654 1743 1744 1754 1804 1840 1886 1890 1891 1928 2064 2067 2158 2239 2411 2507 2580 2677 2693 2709 2826 2872 2969 2973 3015 3029 3070 3135 3151 3197 3225 3231 3263 3301 3305 3429 3488 3509 3559 3579 3702 3714 3724 3813 3856 3865 3929 4032 4091 4173 4225 4249 4300 4334 4354 4413 4471 4487 4494 4584 4669 4749 4750 4928 5046 5253 5305 5453 5454 5457 5479 5670 5825 6058 6134 6206 6816 6914 6989 6999 7006 7095 7312 7657 7740 7766 7975 8145 8146 8156 8158 8165 8180 8183 8184 8197 8204 8207 8213 8250 8257 8295 8311 8333 8338 8357 8369 8372 8404 8448 
	}
	history={
		owner = RUS
		add_core_of = RUS

	}
	manpower=1
	buildings_max_level_factor=1.000
	state_category=town
	local_supplies=0.000
}
