state={
	id=140
	name="STATE_140"
	provinces={
		1085 1227 2041 3054 3105 3716 3814 4201 9489 10376 10560 10662 12734 13093 14253 16196 17816 18589 18694 20225 20739 22149 22290 22533 22926 24053 24486 25947 26208 26736 27090 42600 42696 42779 42798 42799 42945 42964 43020 43245 43388 43431 43523 43558 43600 43633 43695 43715 43738 43771 43796 43886 43887 43911 44000 44050 44215 44216 44236 44280 44389 44416 44440 44441 44593 44594 44614 44667 44683 44774 44825 44843 44862 44981 45197 45247 45273 
	}
	history = {
		owner = UKR
<<<<<<< Updated upstream

=======
		
>>>>>>> Stashed changes
		buildings = {
		}
		
		add_core_of = UKR
	}
	buildings_max_level_factor=1.000
        manpower=1
        state_category = rural
}
