state={
	id=141
	name="STATE_141"
	provinces={
		923 1768 2000 3308 3882 3936 4151 4470 4640 4689 5132 5197 5369 5464 5485 5506 5549 5647 5831 6060 6477 6582 6674 6703 6708 6891 6918 7075 7119 7294 7423 7461 7560 7614 7651 7782 7865 8825 8846 8890 8895 8905 8923 8929 8957 8978 8979 9008 9011 9033 9049 9056 9075 9095 9100 9108 9109 9114 9119 9125 9139 9140 9141 9154 9164 9169 9176 9183 9197 9198 9204 9205 9206 9207 9212 9213 9219 9225 9234 9235 9249 9255 9261 9292 9293 9294 9301 9327 9328 9329 9340 9341 9366 9367 9381 9392 9404 9425 9440 9481 9530 9539 9555 9566 9618 9619 9657 9674 9695 9710 9713 
	}
	history={
                buildings = {infrastructure = 2}
		owner = UKR
		add_core_of = UKR
	}
	buildings_max_level_factor=1.000
        manpower=1
        state_category = town
}
