
state={
	id=144
	name="STATE_144"
	provinces={
		81 298 619 621 629 697 841 1194 1225 1226 1257 1379 1492 1655 1738 2143 2289 2428 3051 3092 3595 3819 4146 4280 4332 4372 4428 4678 4687 4782 4840 4851 4875 5117 5266 5498 5735 5751 5833 6219 6250 6371 6562 6783 6798 6819 6864 7126 7210 7284 7330 7371 7381 7904 7925 8173 8453 8464 8536 8674 8701 8731 8984 9202 9225 9260 9416 9460 9505 9700 9838 9913 9940 10033 10041 10286 10314 10354 10397 10403 10666 10679 10728 10776 10782 10884 10907 11044 11185 11249 11251 11559 11647 11648 11828 11910 11932 11973 11986 12034 12114 12326 12392 12537 12583 12742 13089 13111 13220 13257 13267 13358 13746 13777 13808 14082 14243 14333 14346 14382 14441 14662 14965 15084 15097 15225 15471 15670 15692 15819 15919 16290 16291 16534 16677 16833 16839 17072 17144 17303 17350 17484 17849 17903 17947 18013 18073 18233 18522 18998 19116 19118 19162 19212 19342 19375 19761 19824 19868 19931 19946 20016 20073 20090 20233 20332 20471 20580 20672 20673 20706 20788 20839 21052 21257 21673 22415 22499 22686 22702 22751 22845 22853 22908 22989 23124 23139 23273 23350 23505 23509 23747 23799 23829 23846 23848 23855 23951 24069 24107 24115 24422 24476 24485 24528 24607 24973 25017 25033 25229 25578 25718 25926 25976 26043 26285 26370 26382 26499 26527 26622 26632 26733 26795 26872 26908 27014 27025 27131 32705 32819 32912 32913 32942 32943 32960 32981 32982 32998 32999 33026 33027 33039 33056 33057 33089 33108 33125 33168 33169 33170 33189 33206 33207 33238 33266 33317 33330 33331 33342 33343 33344 33361 33379 33415 33416 33431 33447 33487 33504 33505 33531 33559 33560 33581 33582 33599 33630 33646 33647 33669 33691 33724 33757 33758 33759 33760 33782 33803 33804 33805 33865 33866 33867 33892 33918 33934 33952 33953 33971 33972 33993 34012 34013 34031 34032 34054 34083 34084 34085 34124 34148 34171 34172 34173 34174 34175 34193 34215 34252 34253 34254 34273 34274 34292 34293 34311 34350 34351 34352 34376 34392 34393 34394 34395 34423 34424 34440 34463 34464 34502 34503 34504 34505 34524 34561 34562 34584 34585 34610 34630 34631 34650 34668 34669 34692 34693 34714 34730 34731 34749 34750 34751 34800 34801 34822 34836 34859 34889 34890 34891 34912 34913 34914 34915 34935 34955 34975 34976 34977 34999 35022 35043 35065 35066 35067 35068 35081 35082 35083 35103 35104 35105 35106 35125 35191 35192 35193 35194 35235 35262 35263 35283 35306 35330 35331 35370 35394 35409 35410 35411 35412 35413 35440 35465 35481 35518 35577 35578 35579 35580 35625 35643 35644 35645 35664 35665 35703 35704 35721 35765 35787 35788 35809 35810 35836 35882 35883 35884 35907 35908 35909 35933 35934 35935 36025 36026 36027 36051 36089 36090 36134 36156 36157 36158 36176 36210 36228 36248 36249 36268 36269 36286 36350 36390 36415 36417 36473 36543 36544 36725 
	}
	manpower=0
	buildings_max_level_factor=1.000
	local_supplies=0.000
}
