
state={
	id=147
	name="STATE_147"

	history={
		owner = UKR
		add_core_of = UKR

	}

	provinces={
		660 1460 1677 1786 2568 2792 4123 4379 4860 5282 5645 5686 5741 7341 8432 8616 8935 9474 10007 10552 11268 12009 12308 12535 13944 14775 14996 15088 15533 15715 15961 16063 17151 17171 18085 18606 18665 19908 20265 20676 20771 21027 21061 21262 21349 21413 21450 21747 22399 23832 23872 24448 25390 25616 25966 25988 26865 35089 35090 35149 35293 35356 35543 35566 35654 35751 35752 35871 35965 35966 36058 36075 36096 36097 36141 36164 36188 36189 36294 36313 36400 36401 36402 36425 36500 36547 36570 36591 36592 36645 36671 36714 36715 36736 36752 36881 36923 36924 36960 36961 37008 37066 37219 37450 37469 37647 37782 37847 
	}
	manpower=0
	buildings_max_level_factor=1.000
	state_category=rural
	local_supplies=0.000
}
