
state={
	id=149
	name="STATE_149"

	history={
		owner = UKR
		add_core_of = UKR

	}

	provinces={
		1 449 685 1010 1695 1871 2025 3310 5279 5302 5360 5826 6749 7495 7522 8964 8994 9345 11061 11814 13729 14178 15193 15220 15473 16744 16897 17467 17842 18102 18596 18645 18873 20609 21190 21579 22066 22514 23067 23737 24324 24388 25536 26272 26777 26880 37401 37592 37593 37708 37709 37748 37780 37794 37816 37884 37936 37973 37995 38076 38093 38112 38163 38187 38246 38270 38448 38449 38472 38558 38559 38627 38667 38668 38763 38854 38879 38880 38936 38953 38976 39041 39074 39131 39151 39236 39255 39270 39271 39289 39334 39335 39370 39371 39414 39512 39568 39589 39590 39591 39609 39635 39712 39757 39778 39816 39817 39833 39922 40011 40012 40039 40127 40226 
	}
	manpower=0
	buildings_max_level_factor=1.000
	state_category=rural
	local_supplies=0.000
}
