state={
	id=15
	name="STATE_15"
	provinces={
		360 683 846 1265 1299 1597 2080 2302 2448 2549 2563 2929 3210 3227 3285 3544 3605 3624 3782 3893 3988 3992 4030 4143 4447 4526 4715 4802 4835 4985 5057 5323 5473 6155 6275 6337 6341 6456 6608 7068 7167 7308 8880 8954 9696 9926 10474 10693 10749 10870 11049 11278 11562 12232 12699 12865 13100 13143 14196 14517 15698 16408 16780 16789 17168 18128 18799 19229 20161 20743 20760 20949 21324 21691 21877 22660 24822 26306 26415 27185 27654 27677 27691 27710 27776 27810 27817 27830 27838 27865 27896 27914 27939 27945 27962 27963 27967 27990 28010 28028 28030 28058 28081 28110 28126 28167 28168 28192 28210 28218 
	}
	buildings_max_level_factor=1.000
        manpower=1
        state_category = rural
}
