
state={
	id=150
	name="STATE_150"
	provinces={
		715 3216 5929 6706 10434 10499 11484 12132 12565 12640 13275 14020 14701 14969 16044 16773 16939 17176 18017 19742 22127 23101 23472 24918 25193 26262 27254 36038 36076 36190 36214 36238 36334 36356 36403 36404 36481 36501 36502 36520 36571 36626 36771 36830 36831 36905 36980 36991 37009 37067 37142 37191 37269 37300 37301 37317 37425 37470 37497 37523 37556 37667 37732 37783 37977 38062 38117 38141 
	}
	manpower=0
	buildings_max_level_factor=1.000
	local_supplies=0.000
}
