
state={
	id=152
	name="STATE_152"
	provinces={
		2014 2211 2687 2985 4655 4969 5382 6243 6402 6549 6996 7201 8299 8316 9431 9582 9661 9662 9927 10529 10831 11269 13544 14520 14791 15189 15804 17558 19044 19326 19496 19893 20338 20568 20974 21203 21209 23184 23731 24484 25476 33510 33620 33700 33791 33809 33960 33983 34040 34041 34092 34135 34199 34303 34407 34408 34489 34620 34788 35135 35180 35205 35271 35357 35358 35397 35470 35544 35610 35674 35690 35691 35692 35872 35889 35995 36013 
	}
	manpower=0
	buildings_max_level_factor=1.000
	local_supplies=0.000
}
