state={
	id=153
	name="STATE_153"
	provinces={
		563 1058 1405 2006 2412 2738 3004 3720 4009 4223 4533 4947 5362 6118 6971 7404 7420 7509 7667 8190 8305 8418 8748 9296 9322 9561 9613 9995 10108 11815 12121 12360 13078 13492 14083 14130 14326 14376 14612 14617 14737 15014 15591 15736 15761 16220 16570 16781 17039 17109 17687 18014 18068 18429 18800 18845 19405 19515 19579 19760 20344 20451 20909 21379 21757 22397 22581 22725 23101 23375 23465 23588 23602 24155 24294 24937 24942 25003 25008 25128 25129 25169 25474 25743 25746 25784 25935 26161 26509 26556 27076 43350 43472 43502 43534 43731 43766 43767 43811 43812 43875 43876 43877 43907 43963 43981 43982 43995 44041 44042 44065 44117 44133 44150 44151 44152 44170 44171 44186 44232 44256 44257 44273 44290 44291 44308 44309 44325 44343 44344 44345 44378 44379 44408 44432 44454 44455 44489 44517 44518 44536 44552 44568 44589 44590 44606 44642 44643 44661 44677 44693 44695 44709 44725 44747 44748 44784 44785 44818 44889 44905 44906 44907 44908 44930 44975 44976 44977 44997 45012 45013 45065 45066 45082 45107 45108 45128 45129 45141 45185 45264 45290 45317 45353 45395 45429 45445 45484 45563 45613 45778 
	}
	buildings_max_level_factor=1.000
        manpower=1
        state_category = rural
}
