state={
	id=154
	name="STATE_154"
	provinces={
		319 789 1364 1793 2922 3063 3297 3695 4432 4491 4526 4586 4923 5166 5555 5808 6182 6191 6274 6372 6529 6597 6607 6670 6692 6759 6838 7041 7121 7224 7250 7284 7490 7668 7685 7702 7738 7796 7959 8028 8034 9047 9053 9057 9083 9096 9110 9116 9131 9136 9171 9178 9184 9187 9220 9226 9251 9257 9264 9270 9283 9284 9296 9302 9305 9312 9318 9331 9336 9344 9345 9346 9360 9368 9369 9378 9382 9387 9388 9389 9407 9408 9413 9414 9427 9428 9435 9436 9450 9467 9476 9484 9494 9497 9498 9526 9531 9532 9533 9545 9546 9569 9579 9580 9581 9591 9592 9612 9622 9627 9648 9649 9658 9659 9676 9698 9699 9700 9711 9715 9734 9739 9740 9755 9772 9779 9786 9793 9819 9826 9910 9958 10000 
	}
	history={
		owner = UKR
		add_core_of = UKR
	}
	buildings_max_level_factor=1.000
        manpower=1
        state_category = town
}
