state={
	id=156
	name="STATE_156"
	provinces={
		514 653 1493 2163 2358 2774 2980 3520 3566 3750 4393 4411 4430 5353 5356 5426 5690 5729 5976 6141 6279 6290 6319 6395 6830 6879 6932 7140 7160 7200 7523 7764 7911 7965 9105 9117 9144 9167 9194 9210 9228 9233 9243 9244 9265 9272 9278 9299 9307 9321 9322 9350 9351 9373 9374 9384 9399 9400 9410 9418 9419 9429 9430 9431 9443 9452 9453 9459 9468 9469 9470 9485 9486 9500 9508 9517 9518 9527 9541 9542 9548 9549 9550 9557 9572 9583 9604 9605 9606 9607 9613 9614 9624 9640 9651 9652 9653 9664 9670 9671 9681 9682 9683 9684 9688 9716 9717 9718 9727 9748 9757 9758 9759 9768 9780 9796 9822 9861 9872 9887 9888 9927 9932 9940 9941 9975 9986 9987 9988 9992 10006 10028 10038 10048 10064 10120 10125 10126 10153 10161 
	}
	buildings_max_level_factor=1.000
        manpower=1
        state_category = town
}
