state={
	id=158
	name="STATE_158"
	provinces={
		1289 1383 5166 9935 11930 12472 12827 13083 15061 15416 15986 16178 18546 18815 19463 21671 23248 23333 23410 23650 24278 24402 25295 25651 26224 26697 43678 43696 43819 43843 43844 43862 43957 44002 44003 44073 44218 44240 44241 44282 44298 44350 44391 44392 44393 44417 44464 44494 44559 44574 44575 44717 44734 44792 44828 44873 44874 44941 45041 45055 
	}
	history = {
		owner = UKR
		
		buildings = {
		}
		
		add_core_of = UKR
	}
	buildings_max_level_factor=1.000
        manpower=1
        state_category = rural
}
