state={
	id=159
	name="STATE_159"
	provinces={
		3744 4367 4702 4805 4861 5012 5113 5171 5494 5759 5763 5944 5964 6192 6231 6459 6561 6935 6969 7047 7068 7192 7496 7659 7836 9102 9121 9142 9170 9199 9236 9237 9250 9256 9268 9269 9273 9274 9282 9295 9304 9311 9317 9330 9355 9356 9357 9358 9359 9377 9386 9393 9394 9395 9405 9406 9426 9433 9434 9441 9449 9458 9466 9474 9475 9482 9483 9493 9512 9513 9514 9515 9524 9525 9540 9567 9568 9578 9590 9597 9598 9620 9621 9635 9636 9637 9638 9646 9647 9675 9687 9696 9697 9704 9714 9733 9738 9764 9813 
	}
	buildings_max_level_factor=1.000
        manpower=1
        state_category = town
}
