state={
	id=16
	name="STATE_16"
	provinces={
		26 123 164 190 225 361 363 408 484 555 697 753 756 780 793 860 892 914 915 957 976 1049 1057 1090 1113 1304 1683 1704 1797 1831 1890 1967 1980 2176 2377 2551 2661 2717 2883 2923 3075 3091 3173 3220 3222 3225 3266 3294 3309 3375 3683 3706 3790 3949 4036 4272 4413 4445 4446 4562 4748 4804 4828 4856 4982 5137 5164 5208 5243 5425 5495 5696 5755 5772 5895 5957 6046 6059 6128 6275 6431 6645 6792 6830 6875 7177 7406 7408 7533 7539 7558 7563 7570 7590 7591 7592 7600 7627 7632 7634 7635 7639 7649 7650 7652 7659 7666 7684 
	}
	buildings_max_level_factor=1.000
        manpower=1
        state_category = town
}
