state={
	id=160
	name="STATE_160"
	provinces={
		127 151 585 1086 2343 2473 3195 6462 7571 7823 7943 8694 9471 9669 10146 10262 10828 11878 13622 14189 14384 14596 14970 15479 16620 17035 17572 17821 18967 19922 20652 21249 22607 22940 23205 23304 24245 26082 26316 27099 27340 43742 43781 43818 43913 43948 44072 44089 44156 44217 44239 44264 44297 44330 44493 44595 44648 44733 44827 44845 44915 44916 44984 44985 45019 45073 45117 45118 45162 45198 45250 45276 45309 45359 45360 45437 45438 45472 45528 45529 45570 45604 45729 45871 45891 45997 46030 
	}
	history = {
		owner = UKR
		
		buildings = {
		}
		
		add_core_of = UKR
	}
	buildings_max_level_factor=1.000
        manpower=1
        state_category = rural
}
