state={
	id=161
	name="STATE_161"
	provinces={
		1107 1324 1945 2605 2911 3452 3734 4331 4344 4530 4760 4961 5026 5208 5359 5389 5439 6088 6129 6204 6229 6471 6591 6810 6878 6912 7036 7217 7453 7509 7591 7605 7804 7847 8129 9343 9352 9362 9363 9375 9380 9401 9411 9420 9437 9444 9445 9454 9460 9461 9479 9487 9488 9489 9501 9502 9503 9509 9519 9528 9535 9536 9543 9551 9558 9559 9560 9561 9573 9584 9585 9600 9608 9609 9610 9625 9626 9632 9641 9665 9666 9685 9686 9689 9702 9706 9719 9720 9728 9729 9749 9750 9774 9781 9788 9789 9797 9798 9804 9829 9830 9836 9853 9862 9879 9880 9897 9913 9928 9929 9933 9942 9955 9956 9967 9968 9969 9976 9989 9993 10014 10018 10029 10030 10031 10057 10065 10074 10075 10091 10187 
	}
	history={
		victory_points = { 7217 10 }
		victory_points = { 9789 10 }
		owner = UKR
		add_core_of = UKR
	}
	buildings_max_level_factor=1.000
        manpower=1
        state_category = town
}
