state={
	id=162
	name="STATE_162"
	provinces={
		1179 2004 3362 5014 5635 7006 8276 9568 9716 10500 10956 13114 14353 14498 14810 15009 15916 16633 16813 17075 18661 18822 19117 19303 19577 19916 20047 20493 21111 21358 21821 22387 23128 23164 25517 25939 26718 27339 43842 44001 44154 44192 44194 44296 44316 44348 44390 44442 44461 44462 44491 44492 44543 44647 44790 44807 44826 44872 44895 44914 44982 45004 45039 45090 45146 45274 45376 45377 45436 45453 45471 45547 45653 45766 45800 45905 
	}
	buildings_max_level_factor=1.000
        manpower=1
        state_category = rural
}
