state={
	id=165
	name="STATE_165"
	provinces={
		580 5489 7724 7931 8520 8812 9470 10237 10967 12422 12498 12837 13470 13879 14362 15627 15817 16411 17399 17559 17811 18119 18136 18619 18772 19419 20184 20364 21630 22793 24138 24254 24980 25780 25842 26009 27148 43700 43801 43933 43974 44108 44179 44332 44351 44371 44447 44497 44498 44509 44523 44524 44580 44617 44672 44719 44720 44757 44847 44848 44849 44897 44898 45043 45044 45058 45121 45148 45201 45217 45218 45233 45298 45313 45324 45341 45384 45385 45420 45457 45474 45495 45511 45530 45553 45554 45625 45647 45894 
	}
	buildings_max_level_factor=1.000
        manpower=1
        state_category = rural
}
