state={
	id=167
	name="STATE_167"
	provinces={
		62 248 307 504 609 656 658 732 895 967 969 1097 1140 1184 1311 1375 1490 1551 1586 1599 1634 1706 1708 1808 1836 1837 1838 1911 1923 2056 2202 2215 2435 2457 2484 2490 2642 2671 2687 2767 2795 2873 3255 3279 3296 3316 3365 3401 3425 3459 3460 3462 3568 3643 3686 3704 3705 3807 3916 3924 3960 3963 4063 4303 4459 4495 4535 4543 4605 4613 4798 4845 4862 4865 4901 4944 5002 5011 5105 5190 5236 5304 5317 5398 5456 5510 5534 5551 5553 5577 5778 5800 5803 5892 5918 5991 6067 6192 6281 6305 6334 6348 6414 6532 6564 6593 6725 6821 6881 6990 7130 7158 7178 7290 7320 7359 7412 7432 7457 8499 8502 8549 8554 8565 8584 8630 8644 8669 8681 8694 8745 8757 8769 8797 8807 8814 8816 8831 8862 8869 8872 8926 8936 
	}
	buildings_max_level_factor=1.000
        manpower=1
        state_category = town
}
