state={
	id=168
	name="STATE_168"
	provinces={
		1251 2117 4058 4119 5582 6580 6966 7419 8156 9512 10853 10963 11153 11771 12763 13092 13389 14369 15168 15842 16774 17063 22783 23243 25516 25827 25841 26215 26527 26633 26878 27022 43872 43978 44012 44035 44036 44058 44129 44146 44167 44205 44228 44229 44324 44340 44404 44405 44426 44501 44533 44551 44563 44564 44600 44601 44675 44706 44738 44762 44868 44902 44950 44951 44970 45030 45063 45064 45140 45153 45182 45204 45205 45206 45348 45349 45367 45390 45391 45392 45517 45846 
	}
	buildings_max_level_factor=1.000
        manpower=1
        state_category = rural
}
