state={
	id=17
	name="STATE_17"
	provinces={
		34 161 312 417 439 449 511 566 660 693 709 723 776 841 885 935 960 1014 1196 1227 1378 1454 1460 1544 1795 1839 1889 2011 2124 2159 2327 2345 2402 2428 2462 2529 2570 2583 2727 2806 2894 3103 3180 3231 3244 3298 3377 3517 3575 3681 3781 3847 3880 3997 4041 4070 4154 4196 4210 4211 4288 4414 4604 4639 4653 4707 4760 4877 4981 5041 5062 5101 5247 5417 5484 5592 5619 5710 5743 5799 5827 5897 6073 6189 6344 6680 6778 6819 6886 6889 6991 6999 7008 7136 7181 7411 7584 7603 7618 7629 7630 7641 7643 7680 7682 7696 7698 
	}
	buildings_max_level_factor=1.000
        manpower=1
        state_category = town
}
