state={
	id=171
	name="STATE_171"
	provinces={
		515 1815 1861 1916 2268 2798 4084 4385 4713 4727 4885 5028 5042 5274 5335 5482 5743 5754 5882 5923 6186 6257 6543 6889 6910 6917 6966 7042 7088 7141 7209 7241 7251 7299 7305 7418 7545 7589 7597 7603 7808 7813 8078 9415 9477 9499 9547 9593 9594 9599 9628 9629 9639 9650 9677 9678 9679 9701 9705 9726 9735 9736 9741 9746 9747 9756 9765 9766 9767 9773 9787 9794 9795 9802 9803 9814 9815 9820 9821 9827 9828 9845 9852 9859 9860 9867 9868 9871 9878 9896 9903 9904 9905 9906 9912 9920 9921 9922 9939 9950 9951 9952 9953 9954 9960 9961 9962 9966 9973 9974 9991 10002 10003 10004 10005 10012 10013 10017 10027 10037 10047 10051 10052 10053 10054 10055 10056 10063 10072 10073 10089 10090 10096 10101 10102 10103 10104 10108 10109 10118 10119 10132 10138 10139 10140 10143 10152 10159 10160 10168 10172 10173 10174 10184 10197 10210 10211 10214 10215 10224 10225 10234 10240 10250 10251 10252 10257 10258 10259 10260 10265 10266 10277 10278 10279 10298 10306 10312 10313 10315 10336 10361 10362 
	}
	history={
      victory_points = { 5274 3 }
      victory_points = { 9593 3 }
      victory_points = { 9794 3 }
      victory_points = { 9904 5 }
      victory_points = { 10002 5 }
      victory_points = { 9939 3 }
      victory_points = { 10005 3 }
      victory_points = { 10089 3 }
      victory_points = { 10168 3 }
      victory_points = { 10260 5 }
      victory_points = { 10160 3 }
      victory_points = { 9961 3 }
      victory_points = { 10063 3 }
      victory_points = { 6186 3 }
		victory_points = { 9679 5 }
		victory_points = { 10102 10 }
		owner = UKR
		add_core_of = UKR
	}
	buildings_max_level_factor=1.000
        manpower=1
        state_category = town
}
