state={
	id=172
	name="STATE_172"
	provinces={
		2000 3095 5005 6532 6810 6873 9252 9686 10123 10791 11101 11228 12258 12433 13192 13763 15273 16260 16421 17988 19835 21353 21853 23310 23515 24065 25450 27309 27345 44158 44178 44283 44319 44369 44370 44397 44496 44508 44597 44651 44652 44671 44698 44718 44755 44756 44776 44812 44832 44919 44963 44964 44987 45022 45042 45093 45120 45147 45177 45216 45312 
	}
	history = {
		owner = UKR
		
		buildings = {
		}
		
		add_core_of = UKR
	}
	buildings_max_level_factor=1.000
        manpower=1
        state_category = rural
}
