state={
	id=176
	name="STATE_176"
	provinces={
		374 516 603 1377 2961 4129 4996 7071 7100 7392 7395 7927 8093 8108 8450 8749 8768 8861 8892 9908 10981 11191 12015 12304 12377 12725 12879 12997 13565 15465 15885 16141 16425 16653 17566 17636 17685 17783 18138 18240 18362 18895 19253 19317 19632 19723 19990 20784 20859 21092 21237 21530 21737 22313 22702 23218 23319 23856 23949 24300 24405 24647 24673 24888 24926 24979 25459 26142 26643 26709 27105 27304 44456 44457 44504 44607 44626 44662 44694 44767 44768 44803 44819 44820 44840 44857 44890 44959 44998 45014 45033 45052 45067 45068 45109 45130 45170 45171 45186 45187 45209 45240 45265 45291 45292 45307 45331 45354 45370 45430 45447 45448 45467 45468 45485 45486 45582 45583 45602 45615 45637 45649 45650 45666 45684 45722 45723 45738 45739 45762 45763 45793 45794 45809 45821 45867 45868 45902 45912 45941 45966 45980 46087 46122 
	}
	buildings_max_level_factor=1.000
        manpower=1
        state_category = rural
}
