state={
	id=177
	name="STATE_177"
	provinces={
		1271 1614 1814 6074 6918 7557 7774 7796 8545 9790 10612 11852 13011 13180 13824 13999 14020 14765 15781 16328 17425 19127 21135 21940 22101 24001 24559 24589 25453 26582 26629 26634 44331 44463 44507 44616 44649 44791 44940 45005 45091 45213 45295 45320 45340 45379 45418 45419 45493 45571 45589 45640 45641 45690 45709 45783 45839 45854 45872 45928 45971 45998 46009 46072 
	}
	buildings_max_level_factor=1.000
        manpower=1
        state_category = rural
}
