state={
	id=178
	name="STATE_178"
	provinces={
		149 153 219 317 330 332 346 378 411 479 515 558 653 759 774 782 813 900 968 1046 1199 1206 1269 1358 1369 1393 1403 1443 1512 1537 1689 1711 1810 1850 1872 1875 1921 1939 1950 1987 2023 2079 2121 2139 2142 2218 2225 2348 2446 2492 2533 2559 2605 2623 2629 2788 2813 2854 2891 3017 3067 3089 3248 3292 3304 3447 3448 3477 3587 3604 3607 3708 3720 3725 3772 3801 3873 4015 4033 4078 4118 4248 4297 4304 4312 4392 4477 4522 4577 4585 4588 4632 4666 4697 4747 4769 4803 4825 4837 4847 4854 4859 4866 4872 4919 5009 5015 5084 5109 5111 5121 5144 5269 5285 5339 5369 5410 5521 5687 5713 5729 5746 5880 6089 6094 6254 6295 6309 6342 6369 6392 6421 6423 6451 6492 6493 6501 6504 6553 6560 6583 6627 6765 6798 6827 6853 6891 6894 6964 7022 7033 7071 7105 7113 7185 7189 7288 7301 7308 7353 7414 7453 8595 8614 8628 8640 8684 8688 8697 8733 8744 8748 8784 8802 8817 8837 8850 8879 8888 8903 8911 8924 8929 8930 8958 8967 8969 
	}
	buildings_max_level_factor=1.000
        manpower=1
        state_category = town
}
