state={
	id=179
	name="STATE_179"
	provinces={
		59 92 104 112 127 239 309 416 425 434 501 532 584 724 736 738 764 818 848 877 919 1005 1060 1076 1083 1126 1137 1148 1266 1277 1309 1324 1330 1377 1406 1503 1524 1631 1730 1731 1970 1992 2012 2049 2052 2108 2182 2193 2230 2391 2416 2424 2470 2488 2511 2544 2677 2736 2815 2845 2861 2948 2958 2990 3080 3221 3263 3504 3576 3626 3640 3676 3859 3928 3970 4087 4143 4185 4191 4228 4301 4318 4353 4450 4493 4494 4617 4638 4647 4703 4709 4726 4727 4774 4801 4939 4942 4973 4978 4987 4992 5019 5067 5119 5129 5134 5184 5265 5271 5316 5371 5432 5444 5473 5480 5494 5564 5740 5764 5845 5905 5925 6036 6138 6147 6253 6308 6315 6331 6400 6417 6466 6523 6529 6596 6601 6761 6839 6855 6865 6876 6901 6904 6944 6965 6983 7029 7104 7134 7143 7152 7196 7199 7232 7311 7340 7369 8558 8606 8619 8626 8646 8662 8670 8689 8691 8699 8735 8739 8752 8754 8765 8785 8789 8806 8822 8824 8838 8843 8851 8860 8864 8871 8878 8905 8914 8944 8975 8980 9000 9016 
	}
	buildings_max_level_factor=1.000
        manpower=1
        state_category = town
}
