
state={
	id=18
	name="STATE_18"
	provinces={
		23 922 3055 3941 3953 4829 5521 5836 5895 6376 6754 6763 7101 8166 8968 9183 9280 9754 10238 10322 11328 12147 13554 15844 16332 16339 16754 17909 18240 18538 18927 19530 20461 20758 22368 23077 23250 23755 24559 25823 26668 48316 48362 48371 48395 48482 48515 48612 48682 48688 48700 48701 48772 48773 48784 48798 48812 48813 48871 48894 48914 48976 48977 49004 49024 49058 49059 49070 49091 49097 49168 49193 49199 49320 
	}
	manpower=0
	buildings_max_level_factor=1.000
	local_supplies=0.000
}
