state={
	id=18
	name="STATE_18"
	provinces={
		24 100 107 299 397 398 441 442 543 647 657 686 696 771 781 965 1100 1164 1175 1270 1282 1314 1338 1355 1374 1417 1423 1427 1478 1499 1533 1538 1574 1585 1593 1595 1610 1647 1667 1757 1764 1807 1847 1869 1933 1952 2200 2217 2229 2256 2281 2409 2451 2485 2489 2497 2538 2592 2664 2709 2800 2817 2822 2936 2957 3070 3144 3268 3307 3423 3479 3508 3542 3612 3629 3806 3812 3840 3958 4001 4048 4050 4096 4176 4311 4335 4431 4441 4460 4631 4656 4670 4761 4912 4988 5038 5207 5334 5368 5538 5735 5739 5807 5834 5866 5928 5941 5965 6005 6068 6115 6136 6203 6210 6310 6317 6464 6528 6573 6626 6769 6810 6822 6828 6832 6856 6910 7085 7101 7114 7165 7197 7202 7230 7452 7541 7574 7585 7596 7609 7613 7626 7628 7633 7640 7644 7656 7662 7673 7674 7675 7676 7677 7679 7690 7691 7701 7718 7720 
	}
	buildings_max_level_factor=1.000
        manpower=1
        state_category = town
}
