state={
	id=180
	name="STATE_180"
	provinces={
		2603 3966 3979 4053 4062 4068 4122 4125 4152 4192 4241 4365 4476 4556 4563 4579 4611 4713 4834 5325 5384 5438 5488 5599 5712 5721 5743 6000 6134 6175 6231 6441 6467 6591 6639 6648 6685 6741 6785 7803 7822 7838 7840 7850 7854 7860 7864 7868 7869 7876 7881 7884 7889 7893 7896 7897 7912 7921 7922 7938 7942 7945 7950 7953 7961 7966 7974 7979 7987 7990 8011 8014 8024 8027 8028 8029 8035 8043 8053 8054 8063 8064 8079 8088 8104 8111 8113 8121 8131 8163 8173 8199 
	}
	buildings_max_level_factor=1.000
        manpower=1
        state_category = town
}
