state={
	id=182
	name="STATE_182"
	provinces={
		962 1954 2622 4457 5542 5587 6278 7424 8369 9152 10307 10587 11246 11501 11742 13228 13358 13508 14746 14840 15519 16324 16430 16438 18814 20627 20890 21295 22510 23697 24058 24558 25357 25864 26628 27145 44983 45040 45072 45116 45160 45161 45231 45248 45249 45275 45338 45339 45378 45417 45492 45548 45569 45639 45654 45708 45727 45728 45753 45754 45767 45826 45838 45853 45889 45890 45970 45996 46029 46052 46071 46109 46140 46188 46189 46296 46359 46377 46493 46509 
	}
	history = {
		owner = UKR

		buildings = {
		}
		
		add_core_of = UKR
	}
	buildings_max_level_factor=1.000
        manpower=1
        state_category = rural
}
