state={
	id=184
	name="STATE_184"
	provinces={
		526 1055 3561 3901 4485 6410 7336 11213 11262 12108 12568 13059 13806 13962 14025 15173 15491 15803 15993 16799 17191 17955 19739 20217 20443 21078 21091 22566 22602 22786 25186 26453 26880 27170 27396 45253 45311 45362 45383 45399 45552 45692 45711 45732 45771 45786 45874 45893 45933 45944 46038 46039 46063 46245 46330 46363 46402 46495 46624 46744 46990 
	}
	history = {
		owner = UKR
		
		buildings = {
		}
		
		add_core_of = UKR
	}
	buildings_max_level_factor=1.000
        manpower=1
        state_category = rural
}
