state={
	id=185
	name="STATE_185"
	provinces={
		1802 2658 2671 2682 3337 3374 3426 3569 3578 3836 3946 4132 4314 4392 4903 4914 5133 5367 5444 5460 5692 5797 5915 5930 6021 6039 6123 6304 6444 6469 6943 7058 7104 7112 7175 7253 7301 7387 7466 7485 7613 7617 7628 7666 7693 7749 7828 7948 7960 8043 8049 8052 9812 9858 9866 9908 9909 9949 9965 9984 9999 10011 10024 10045 10049 10071 10086 10106 10130 10136 10150 10151 10180 10181 10203 10208 10232 10233 10238 10256 10263 10295 10311 10320 10332 10333 10342 10367 10368 10381 10382 10383 10394 10401 10407 10420 10421 10429 10430 10437 10441 10447 10448 10464 10465 10474 10475 10487 10488 10499 10508 10509 10510 10514 10533 10551 10552 10553 10556 10563 10570 10590 10605 10622 10633 10634 10645 10651 10661 10662 10663 10668 10669 10670 10679 10683 10684 10706 10707 10717 10726 10734 10743 10752 10758 10781 10782 10785 10786 10792 10809 10817 10822 10831 10842 10844 10871 10872 10906 10913 10919 10932 10941 10949 10973 10974 
	}
	history={
		victory_points = { 10533 10 }
                buildings = {infrastructure = 2}
		owner = UKR
		add_core_of = UKR
	}
	buildings_max_level_factor=1.000
        manpower=1
        state_category = town
}
