state={
	id=186
	name="STATE_186"
	provinces={
		1476 3410 3576 3699 3982 4093 4273 4311 4829 5039 5088 5146 5459 5738 5807 5862 5880 5928 5946 5975 5990 6036 6209 6365 6440 6481 6500 6564 6644 6826 6833 6849 6853 6856 6939 7844 7913 7929 7957 7994 8005 8019 8022 8040 8049 8058 8086 8089 8093 8098 8105 8122 8126 8133 8142 8156 8159 8160 8185 8193 8206 8207 8208 8212 8222 8223 8227 8228 8231 8244 8254 8256 8270 8278 
	}
	buildings_max_level_factor=1.000
        manpower=1
        state_category = town
}
