state={
	id=187
	name="STATE_187"
	provinces={
		881 1744 1772 3718 4897 5192 5583 5887 6397 6938 7345 7484 7641 8956 9358 12704 17335 19648 20796 20820 21390 22641 22671 23495 23658 23802 24082 24154 25878 26954 27025 27189 45405 45406 45536 45593 45758 45759 45788 45829 45910 45911 45919 45948 45961 45978 46044 46100 46131 46150 46210 46227 46259 46306 46335 46415 46461 46475 46476 46534 46559 46603 46673 46700 46772 46806 46824 46908 46933 
	}
	buildings_max_level_factor=1.000
        manpower=1
        state_category = rural
}
