state={
	id=188
	name="STATE_188"
	provinces={
		1934 2534 4018 6145 6755 9060 9725 10280 10392 10515 10659 10932 11270 11707 11905 13157 13922 13991 14008 14208 14865 14952 14975 15353 15599 17087 17621 18451 19404 20067 20609 21014 21566 22346 22709 22717 22757 23039 23172 23995 25991 26287 27440 45446 45505 45600 45601 45614 45664 45665 45703 45721 45748 45808 45850 45864 45992 46005 46022 46023 46070 46119 46136 46162 46198 46216 46232 46261 46276 46292 46309 46342 46351 46371 46381 46419 46420 46432 46457 46501 46502 46523 46566 46567 46704 46705 46717 46728 46792 46828 46885 46897 46938 46939 47038 47401 
	}
	buildings_max_level_factor=1.000
        manpower=1
        state_category = rural
}
