state={
	id=19
	name="STATE_19"
	provinces={
		9 136 158 247 318 328 360 406 433 443 450 459 482 488 536 538 615 787 840 852 878 943 954 979 1042 1061 1158 1182 1286 1331 1352 1411 1420 1497 1500 1555 1613 1663 1759 1851 1873 1891 1901 1931 1948 1971 2076 2109 2186 2192 2231 2253 2270 2271 2399 2420 2464 2643 2695 2758 2784 2789 2856 2860 2870 3043 3055 3092 3094 3194 3195 3211 3270 3277 3360 3389 3461 3487 3558 3660 3666 3677 3691 3768 3782 3792 3845 3862 3878 3879 3895 3967 3977 4021 4038 4130 4162 4177 4219 4233 4244 4252 4281 4322 4329 4382 4400 4408 4442 4448 4467 4497 4561 4574 4580 4630 4809 4815 4895 4918 4971 4977 4993 5152 5183 5256 5296 5364 5379 5384 5433 5486 5565 5698 5776 5828 5863 5873 5913 5952 6014 6015 6034 6037 6108 6124 6146 6171 6198 6269 6318 6337 6359 6398 6432 6505 6695 6721 6764 6845 6863 6930 7028 7053 7122 7137 7342 7388 7565 7567 7588 7595 7598 7602 7606 7614 7637 7648 7651 7654 7655 7660 7664 7665 7669 7688 7692 7694 7708 7731 7734 7736 7741 7746 7751 7767 7771 7780 7795 7796 
	}
	buildings_max_level_factor=1.000
        manpower=1
        state_category = town
}
