state={
	id=191
	name="STATE_191"
	provinces={
		98 325 1837 3739 4131 4841 5449 6358 6647 6835 6932 8208 8223 8907 9363 9403 9506 9628 9875 10736 12849 13123 14062 14995 14998 15587 15712 15774 15810 15879 15958 16417 17428 17475 17634 18740 18819 18961 20094 20357 20475 20695 21986 23161 24908 26176 26399 26413 26474 26654 26862 45671 45822 45823 45824 45886 45969 45982 45983 46026 46058 46089 46105 46106 46138 46185 46238 46239 46249 46311 46355 46375 46376 46398 46435 46447 46579 46580 46581 46637 46707 46730 46738 46739 46754 46779 46844 46860 46872 46899 46927 46971 47054 47087 47148 47173 47201 47281 47343 47344 47381 47392 47577 47591 47671 47705 47719 
	}
	history = {
		owner = UKR
		
		buildings = {
		}
		
		add_core_of = UKR
	}
	buildings_max_level_factor=1.000
        manpower=1
        state_category = rural
}
