state={
	id=192
	name="STATE_192"
	provinces={
		1203 3293 3516 3519 3626 4398 5510 5529 5860 5908 6009 6219 6335 6621 6921 7105 7171 7389 7619 7641 7694 7750 7763 8000 9870 9902 9911 9926 9938 9959 9985 10001 10025 10026 10036 10046 10050 10080 10087 10088 10107 10137 10158 10170 10171 10183 10196 10209 10213 10222 10223 10239 10264 10275 10276 10297 10327 10328 10334 10348 10349 10358 10373 10384 10385 10386 10395 10396 10415 10422 10431 10432 10438 10449 10450 10489 10495 
	}
	history={
		owner = UKR
		add_core_of = UKR

		buildings = {
			infrastructure = 2
		}
	}
	buildings_max_level_factor=1.000
        manpower=1
        state_category = town
}
