state={
	id=199
	name="STATE_199"
	provinces={
		421 676 3103 3147 3274 4031 4628 6081 7123 7207 7462 7592 8173 8597 8728 8890 9055 9057 9256 9374 10044 10723 12555 13226 13541 14117 14470 14883 15386 15511 15658 15787 16335 17371 17719 18035 18235 19039 19544 21136 21229 21590 21931 22128 22135 23163 23174 24557 24760 24779 24808 24976 25032 25952 27279 46048 46123 46182 46280 46352 46396 46634 46719 46736 46871 46943 46996 47313 47368 47658 47732 47803 47821 47932 48202 48334 48525 48579 48590 48702 48779 48791 48846 48894 48974 49006 49032 49159 49323 49361 49460 49471 49568 49733 49818 49886 49895 49955 49973 49979 49985 50036 50037 50154 50355 
	}

	history = {
		owner = PMR
		
		buildings = {
		}
		
		add_core_of = PMR
	}

	buildings_max_level_factor=1.000
        manpower=1
        state_category = rural
}
