state={
	id=20
	name="STATE_20"
	provinces={
		23 68 70 106 169 185 268 306 402 471 493 513 605 703 708 772 802 861 873 882 980 1021 1048 1167 1211 1218 1224 1226 1228 1246 1446 1448 1504 1579 1600 1632 1644 1739 1769 1787 1857 1858 1916 1944 1946 1999 2002 2064 2152 2291 2448 2521 2691 2746 2761 2792 2799 2837 2849 2897 3105 3117 3140 3141 3185 3196 3216 3217 3241 3285 3337 3429 3442 3466 3505 3523 3580 3589 3715 3820 3874 3998 4017 4076 4106 4133 4242 4291 4321 4331 4380 4381 4521 4554 4575 4611 4699 4719 4781 4792 4796 4821 4842 4885 4927 4955 5028 5082 5128 5253 5313 5360 5408 5455 5457 5524 5568 5584 5588 5595 5639 5656 5790 5930 5955 6064 6113 6119 6156 6260 6300 6312 6360 6425 6430 6453 6630 6714 6760 6860 6952 6993 7153 7174 7265 7658 7667 7668 7683 7712 7717 7721 7723 7724 7733 7744 7750 7760 7766 7769 7774 7779 7781 7788 7790 7792 7818 7819 7826 7831 7832 7833 7838 7853 7868 7875 7879 7881 7882 7919 7945 7960 
	}
	buildings_max_level_factor=1.000
        manpower=1
        state_category = town
}
