state={
	id=200
	name="STATE_200"
	provinces={
		270 655 842 1404 2467 2516 3780 3830 3879 3945 4063 4231 4341 4381 4543 4582 4588 4801 4898 5414 5443 5638 5844 6320 6545 6573 6868 6985 7021 7076 7297 7467 7649 7697 7871 7896 7941 7967 7972 7985 7990 8058 8080 8117 10097 10121 10144 10154 10155 10162 10175 10176 10186 10198 10199 10204 10212 10226 10235 10241 10242 10243 10244 10261 10262 10269 10280 10281 10286 10287 10288 10299 10300 10307 10316 10317 10322 10329 10330 10337 10338 10339 10343 10344 10350 10351 10352 10363 10364 10375 10376 10377 10388 10389 10390 10397 10402 10410 10411 10412 10418 10419 10433 10434 10440 10443 10453 10454 10455 10468 10469 10477 10478 10481 10482 10483 10490 10496 10502 10503 10512 10517 10523 10524 10525 10529 10534 10535 10545 10546 10559 10568 10573 10574 10575 10576 10583 10591 10600 10606 10615 10616 10617 10627 10628 10629 10635 10641 10647 10648 10649 10666 10674 10675 10676 10681 10687 10688 10703 10722 10723 10730 10738 10762 10813 10837 
	}
	buildings_max_level_factor=1.000
        manpower=1
        state_category = town
}
