state={
	id=201
	name="STATE_201"
	provinces={
		300 451 1795 3277 3684 4971 6370 7422 8490 10175 11146 11323 13063 13197 13890 15021 15393 15745 15874 16571 18280 18321 18470 19213 20499 20967 21011 21430 21558 23630 25096 25910 26303 26376 27041 45927 46008 46142 46143 46154 46190 46191 46192 46205 46267 46283 46314 46327 46345 46361 46409 46410 46424 46449 46471 46483 46511 46512 46539 46540 46570 46585 46586 46623 46639 46653 46678 46695 46709 46815 46832 46849 46948 47021 47030 47287 
	}
	history = {
		owner = UKR
		
		buildings = {
		}
		
		add_core_of = UKR
	}
	buildings_max_level_factor=1.000
        manpower=1
        state_category = rural
}
