state={
	id=203
	name="STATE_203"
	provinces={
		1981 2455 3111 3206 4033 4467 4709 4773 4897 5068 5112 5403 5672 5768 5774 5911 6126 6149 6256 6318 6340 6513 6594 6741 6778 6923 7079 7240 7255 7727 7753 7783 7857 7890 8026 8035 10164 10165 10177 10178 10188 10189 10216 10217 10218 10219 10236 10245 10253 10270 10289 10290 10301 10308 10309 10318 10323 10340 10345 10346 10353 10354 10365 10378 10379 10391 10398 10399 10403 10404 10413 10425 10426 10435 10444 10456 10457 10460 10461 10470 10471 10484 10485 10486 10491 10497 10498 10504 10505 10513 10518 10530 10531 10536 10537 10538 10547 10548 10560 10561 10569 10577 10584 10585 10586 10587 10592 10593 10607 10618 10619 10636 10637 10638 10642 10643 10644 10656 10657 10658 10667 10682 10689 10690 10691 10704 10709 10710 10711 10732 10739 10765 
	}
	buildings_max_level_factor=1.000
        manpower=1
        state_category = town
}
