state={
	id=204
	name="STATE_204"
	provinces={
		1175 2553 2796 3285 3309 3544 3783 4029 4069 4243 4274 4338 4368 4493 4583 4771 5350 5446 5522 5538 5569 5679 5697 5954 6001 6037 6171 6195 6402 6661 6704 6757 6877 7996 8017 8020 8021 8026 8041 8060 8069 8070 8071 8075 8084 8095 8096 8110 8115 8123 8128 8129 8140 8144 8148 8149 8150 8170 8176 8182 8183 8187 8188 8191 8196 8205 
	}
	history={
		owner = UKR
		add_core_of = UKR
	}
	buildings_max_level_factor=1.000
        manpower=1
        state_category = town
}
