state={
	id=206
	name="STATE_206"
	provinces={
		1244 2624 2768 4023 4455 4867 4894 5845 6243 6393 8760 8975 10540 11934 13484 14040 14225 15888 18529 20865 21033 21452 21556 22061 22309 22749 23521 24623 24693 24987 24992 25499 26857 46222 46223 46297 46298 46362 46388 46389 46440 46484 46554 46572 46641 46679 46743 46766 46767 46833 46888 46902 47042 47139 47162 47255 47350 47404 47476 47491 47540 47541 47630 47664 47677 47911 47954 48039 
	}
	buildings_max_level_factor=1.000
        manpower=1
        state_category = rural
}
