state={
	id=21
	name="STATE_21"
	provinces={
		122 167 179 243 367 832 977 1050 1068 1089 1107 1167 1427 1477 1553 1558 1666 1721 1797 1887 1960 1964 2053 2101 2134 2139 2270 2282 2303 2399 2428 2558 2591 2808 2838 2945 2957 3063 3092 3282 3335 3466 3474 3529 4176 4634 4664 4686 4807 4823 4834 4949 4972 5036 5130 5391 5423 5458 5588 5629 5642 5968 5972 6338 6387 6418 6542 6555 6581 6855 6910 7505 7585 7660 7671 7685 7751 7752 7780 7803 8013 8097 8105 8250 8360 8627 8674 8767 8786 8879 8883 8885 8935 9099 9149 9323 9511 9559 9905 9938 10287 10318 10464 10510 10634 10680 10845 11123 11128 11290 11378 11480 11491 11557 11573 11772 11787 11811 11817 11896 11975 11979 12011 12213 12420 12528 12550 12662 12901 12915 13015 13261 13309 13412 13447 13706 13733 13768 13832 13883 13909 14024 14232 14259 14584 14761 14785 14806 14821 15033 15200 15246 15281 15633 15681 15771 15863 16172 16179 16495 16750 16766 16902 17085 17099 17160 17205 17331 17584 17589 18072 18116 18245 18338 18351 18401 18485 18609 18723 18869 18991 18998 19081 19199 19364 19469 19646 19898 20011 20020 20049 20153 20201 20342 20439 20504 20867 20971 21217 22066 22233 22370 22426 22512 22858 22930 22937 22961 23057 23097 23182 23185 23313 23373 23669 23775 23996 24107 24221 24600 24889 24921 24993 25189 25281 25599 25622 25686 26053 26056 26061 26276 26726 26949 27003 27016 27289 27330 27372 27405 27436 27505 28679 28747 28772 28789 28799 28808 28819 28836 28854 28856 28857 28882 28896 28898 28934 28935 28941 28951 28959 29015 29038 29055 29058 29064 29083 29102 29128 29131 29137 29138 29139 29163 29175 29176 29177 29194 29203 29218 29225 29230 29231 29254 29258 29270 29281 29285 29292 29293 29320 29325 29329 29337 29344 29351 29362 29363 29372 29389 29394 29410 29421 29422 29435 29436 29455 29458 29459 29468 29477 29481 29490 29516 29517 29532 29533 29541 29542 29543 29547 29548 29554 29555 29572 29576 29587 29593 29601 29611 29628 29643 29644 29653 29660 29679 29680 29691 29692 29712 29724 29725 29726 29741 29751 29752 29759 29760 29766 29773 29774 29781 29817 29824 29839 29850 29862 29870 29871 29877 29885 29910 29911 29916 29920 29922 29946 29947 29964 29972 29973 29982 29983 29998 29999 30017 30023 30040 30048 30056 30068 30080 30113 30114 30133 30134 30147 30148 30160 30191 30198 30199 30208 30244 30268 30269 30277 30278 30292 30297 30298 30336 30373 30385 30389 30390 30434 30442 30451 30462 30468 30501 30525 30529 30539 30554 30583 30613 30614 
	}
	buildings_max_level_factor=1.000
        manpower=1
        state_category = rural
}
