state={
	id=210
	name="STATE_210"
	provinces={
		1727 1895 2818 3235 3413 3642 3661 4254 4568 4641 4678 4685 4708 4838 4866 5001 5183 5188 5501 5752 5812 5837 5922 6094 6100 6112 6168 6169 6239 6410 6515 6609 6637 6742 6753 6763 6850 6885 6895 6949 7065 7080 7375 7525 7615 7731 7770 7780 7934 7995 8007 8086 8089 10314 10335 10359 10360 10369 10374 10387 10408 10409 10416 10417 10423 10424 10439 10442 10451 10452 10459 10466 10467 10476 10480 10500 10501 10511 10516 10521 10522 10542 10543 10544 10555 10557 10558 10565 10566 10567 10572 10581 10582 10596 10597 10598 10599 10612 10613 10614 10624 10625 10626 10640 10646 10653 10654 10655 10665 10672 10673 10680 10686 10695 10700 10701 10702 10720 10721 10728 10729 10736 10737 10750 10751 10756 10757 10760 10761 10768 10774 10775 10790 10795 10802 10811 10812 10818 10827 10828 10835 10836 10846 10847 10848 10852 10856 10857 10864 10865 10874 10879 10888 10889 10891 10892 10893 10898 10909 10915 10916 10920 10937 10939 10943 10951 10959 10968 11001 11018 11052 11077 11084 11095 11142 11152 11160 11184 11189 11203 11227 11235 11263 
	}
	history={
		owner = UKR
		add_core_of = UKR
	}
	buildings_max_level_factor=1.000
        manpower=1
        state_category = town
}
