state={
	id=211
	name="STATE_211"
	provinces={
		791 1892 2212 2574 2682 2954 3138 3707 3731 4042 4298 4457 4547 4623 5014 5184 5466 5633 5681 5682 5705 5745 5787 6135 6150 6162 6265 6269 6310 6373 6429 6455 6502 6588 6711 6756 6847 6926 6952 6956 8087 8090 8106 8107 8134 8135 8136 8139 8146 8158 8165 8166 8174 8180 8186 8190 8194 8197 8201 8204 8209 8217 8218 8221 8234 8235 8242 8250 8257 8261 8268 8273 8280 8281 8282 8286 8315 8319 8328 8342 8358 8359 8390 
	}
	buildings_max_level_factor=1.000
        manpower=1
        state_category = town
}
