state={
	id=213
	name="STATE_213"
	provinces={
		522 1443 1881 3327 3551 3812 7972 9110 9186 9577 9925 11044 11141 12000 12908 13057 13163 13341 13637 14147 14655 14739 17031 17884 19036 19153 19773 20194 20947 20985 22570 22924 24305 25887 25897 25994 26516 26523 46597 46667 46720 46781 46782 46796 46862 46874 46875 46916 46929 47019 47029 47090 47116 47136 47160 47161 47176 47266 47284 47315 47393 47447 47448 47461 47474 47529 47561 47594 47617 47644 47691 47723 47755 47788 47835 47898 47964 48030 48037 
	}
	history = {
		owner = UKR
<<<<<<< Updated upstream

=======
		
>>>>>>> Stashed changes
		buildings = {
		}
		
		add_core_of = UKR
	}
	buildings_max_level_factor=1.000
        manpower=1
        state_category = rural
}
