state={
	id=218
	name="STATE_218"
	provinces={
		1643 3094 3286 3310 3427 3620 4189 4383 4693 4831 4878 5550 5567 5612 5614 5667 5861 5983 6260 6470 6672 6730 6788 6794 7078 7157 7195 7220 7234 7476 7493 7604 7618 7674 7719 7785 7793 7817 8065 8092 10506 10528 10579 10610 10632 10660 10693 10694 10697 10716 10725 10742 10747 10748 10766 10771 10772 10779 10780 10784 10799 10800 10807 10808 10815 10816 10829 10830 10850 10853 10854 10870 10884 10885 10897 10904 10905 10918 10923 10930 10931 10947 10948 10964 10965 10966 10986 10990 10995 10996 11013 11022 11029 11030 11031 11032 11033 11045 11062 11069 11073 11074 11080 11088 11098 11102 11104 11105 11113 11114 11115 11125 11149 11157 11167 11178 11201 11212 11220 11226 11237 11261 11272 11289 11308 11309 11310 11319 11330 11367 
	}
	history={
		owner = UKR
		add_core_of = UKR

		buildings = {
			infrastructure = 2
		}
	}
	buildings_max_level_factor=1.000
        manpower=1
        state_category = town
}
