state={
	id=219
	name="STATE_219"
	provinces={
		980 2059 2149 2785 3054 3677 4695 4859 5437 5496 5500 5575 5885 6023 6187 6259 6276 6327 6356 6596 6691 6827 6828 6861 6920 7055 7069 7291 7437 7439 7528 7774 7812 7832 7834 8030 8112 10515 10541 10554 10564 10571 10580 10611 10623 10639 10652 10664 10671 10685 10698 10699 10708 10718 10719 10727 10735 10744 10745 10749 10753 10754 10755 10759 10767 10773 10787 10788 10789 10793 10794 10801 10810 10823 10824 10825 10826 10832 10833 10834 10843 10851 10855 10863 10873 10887 10890 10907 10908 10925 10926 10927 10934 10935 10936 10956 10957 10958 10967 10976 10983 10987 10998 10999 11000 11009 11015 11023 11024 11046 11051 11058 11076 11082 11083 11094 11103 11117 11140 11159 11188 11196 11221 
	}
	history={
		owner = UKR
		add_core_of = UKR

		buildings = {
			infrastructure = 2
		}
	}
	buildings_max_level_factor=1.000
        manpower=1
        state_category = town
}
