
state={
	id=22
	name="STATE_22"

	history={
		owner = UKR
		victory_points = {
			47407 2 
		}
		victory_points = {
			2304 1 
		}
		victory_points = {
			16638 1 
		}
		victory_points = {
			47817 1 
		}
		victory_points = {
			47759 2 
		}

	}

	provinces={
		1365 1637 2562 2801 3222 3466 4068 5672 6285 7660 9194 9635 10380 11528 11601 12050 12709 13153 13762 14100 14624 14675 14825 15408 15506 16150 16622 16638 16845 17479 19404 19415 21140 22365 22757 23040 23112 23385 24670 24706 25344 25403 25543 25799 25959 26659 26705 27195 45671 45852 45941 46028 46156 46261 46288 46366 46516 46586 46609 46638 46650 46651 46672 46726 46727 46793 46844 46855 46908 46954 46955 47021 47098 47213 47250 47282 47298 47372 47407 47445 47529 47550 47551 47571 47572 47610 47674 47684 47758 47759 47785 47817 47843 47851 47852 48053 48076 48141 48192 
	}
	manpower=0
	buildings_max_level_factor=1.000
	local_supplies=0.000
}
