state={
	id=22
	name="STATE_22"
	provinces={
		39 42 84 194 198 203 215 245 280 505 506 524 783 824 1064 1222 1229 1230 1263 1326 1472 1620 1659 1734 1822 1825 1854 1866 2035 2129 2145 2146 2168 2174 2177 2201 2226 2228 2266 2366 2390 2444 2445 2458 2486 2550 2557 2645 2655 2657 2762 2810 2906 2952 2970 2986 3016 3036 3088 3182 3192 3321 3328 3354 3388 3446 3457 3581 3597 3634 3639 3653 3675 3688 3703 3722 3726 3754 3816 3818 3888 3964 4075 4104 4257 4306 4315 4391 4410 4519 4606 4787 4822 4914 4943 4974 5008 5050 5051 5053 5057 5117 5149 5263 5281 5319 5406 5418 5428 5467 5569 5572 5596 5623 5670 5792 5870 5887 5899 6038 6131 6169 6185 6204 6208 6322 6338 6355 6490 6500 6513 6533 6620 6677 6687 6696 6706 6709 6730 6737 6842 6922 6946 7011 7043 7144 7225 7257 7325 7348 7371 7428 7681 7711 7727 7745 7756 7757 7762 7768 7791 7799 7804 7809 7829 7834 7844 7855 7862 7876 7891 7892 7901 7907 7915 7924 7935 7959 7963 7971 7973 7983 7990 
	}
	buildings_max_level_factor=1.000
        manpower=1
        state_category = town
}
