state={
	id=222
	name="STATE_222"
	provinces={
		90 267 336 399 404 409 451 490 568 572 628 646 668 737 786 832 890 894 971 984 1040 1056 1059 1187 1253 1364 1608 1676 1752 1780 1874 1941 1964 1989 2015 2029 2087 2103 2206 2209 2276 2278 2279 2290 2331 2337 2341 2347 2472 2506 2547 2554 2601 2620 2635 2732 2755 2785 2848 2865 2972 2987 2997 3014 3041 3058 3077 3078 3102 3107 3142 3168 3250 3313 3347 3419 3467 3490 3502 3516 3689 3696 3741 3746 3780 3867 3893 3920 3976 3994 4002 4020 4097 4098 4197 4205 4215 4218 4231 4294 4393 4434 4457 4484 4503 4510 4595 4616 4620 4713 4757 4819 4834 4946 4983 4999 5114 5135 5157 5172 5193 5228 5245 5273 5275 5290 5311 5350 5358 5373 5388 5448 5464 5474 5502 5527 5549 5608 5617 5631 5650 5745 5780 5826 5942 5960 5979 5996 6022 6052 6101 6140 6345 6403 6507 6512 6520 6558 6562 6577 6611 6613 6763 6824 6862 6963 6967 6998 7032 7063 7266 7321 7334 7392 7419 7424 8683 8692 8696 8703 8708 8719 8729 8732 8742 8750 8751 8763 8764 8767 8768 8772 8777 8783 8791 8792 8793 8798 8800 8803 8809 8810 8812 8813 8821 8826 8845 8848 8853 8855 8858 8859 8866 8873 8875 8876 8881 8886 8900 8901 
	}
	buildings_max_level_factor=1.000
        manpower=1
        state_category = town
}
