state={
	id=228
	name="STATE_228"
	provinces={
		1865 2930 3043 3058 3474 3878 4117 4212 4285 4851 5312 5579 5628 6314 6530 6556 6652 6786 6849 6860 6900 6968 6980 7053 7097 7109 7204 7341 7494 7574 7577 7831 7852 8011 8056 10731 10763 10764 10769 10776 10796 10803 10804 10805 10814 10819 10838 10839 10849 10858 10859 10866 10867 10875 10876 10877 10880 10881 10899 10900 10901 10910 10911 10917 10921 10922 10928 10929 10944 10945 10952 10953 10960 10961 10969 10970 10977 10978 10984 10985 10989 10992 10993 11003 11004 11005 11010 11011 11016 11019 11020 11025 11026 11027 11028 11036 11037 11038 11047 11048 11053 11054 11059 11060 11065 11066 11078 11086 11090 11091 11109 11123 11129 11134 11170 11186 11218 
	}
	buildings_max_level_factor=1.000
        manpower=1
        state_category = town
}
