state={
	id=23
	name="STATE_23"
	provinces={
		20 163 273 387 448 638 667 758 885 1236 1380 1435 1583 1624 1636 2074 2470 2611 2620 2716 2898 2917 2943 3137 3198 3384 3404 4245 4275 4446 4895 4943 5209 5409 6003 6129 6330 6566 6857 7442 7459 7908 8323 9098 9216 9299 9684 10573 10660 10713 10715 10817 10993 12156 12300 12323 12375 12454 12757 13206 13301 13538 13808 14156 14194 14236 15062 15171 15301 15396 15407 15451 15505 15644 15652 15900 15913 16165 16326 16522 16974 17745 18051 18617 20257 20289 21433 21744 21785 21908 22096 22127 22151 22236 23430 24218 24295 24978 25051 25381 26080 26191 26487 26863 26884 26904 26992 27024 28764 28807 28812 28855 28907 28954 28989 29014 29050 29097 29123 29188 29239 29306 29350 29393 29409 29427 29472 29473 29496 29497 29510 29511 29560 29575 29651 29657 29739 29740 29757 29765 29779 29780 29787 29838 29921 29970 30009 30030 30066 30112 30124 30205 30276 30290 30305 30315 30322 30415 30516 
	}
		
	history = {
		owner = RUS
		
		buildings = {
		}
		
		add_core_of = RUS
	}
    
	buildings_max_level_factor=1.000
        manpower=1
        state_category = rural
}
