state={
	id=232
	name="STATE_232"
	provinces={
		74 104 112 251 540 660 834 1193 1346 1678 1824 1930 2002 2185 2397 2420 2559 2581 2708 2814 3002 3081 3167 3479 3565 3633 3792 3837 3870 4118 4721 5145 5233 5319 5463 5530 5739 5853 5898 5920 5975 6357 6444 6657 6685 6719 7448 7452 7795 7806 7936 8049 8091 8238 8375 8750 9194 9481 9732 9866 9906 10154 10267 10317 10328 10375 10406 10656 10750 10855 10957 10962 11008 11185 11232 11310 11348 11376 11492 11509 11611 11679 11687 12193 12363 12483 12584 12669 12674 12752 12851 12921 13326 13378 13631 13983 14092 14114 14451 14468 14509 14521 14577 14682 15007 15593 15690 15901 16084 16124 16645 16651 16662 17147 17448 17570 17721 17754 17779 17780 17882 18558 18946 18975 19150 19538 19581 19768 19798 19849 19943 20024 20318 20485 21010 21081 21678 21733 21869 22085 22119 22137 22321 22506 22678 22795 22840 22893 22972 23035 23459 23489 23631 23644 23755 23974 23998 24037 24170 24180 24200 24291 24419 24421 24643 24771 24802 24938 25306 25354 25566 25597 25731 26015 26367 26370 26482 26503 26546 26639 26665 26787 26846 26873 27152 27207 27477 47424 47504 47522 47735 47817 47878 47890 47919 47968 47982 47995 48006 48022 48107 48119 48121 48137 48151 48162 48174 48183 48184 48195 48215 48234 48249 48250 48262 48289 48290 48339 48370 48371 48379 48385 48430 48443 48452 48460 48461 48478 48502 48503 48535 48543 48544 48545 48556 48570 48571 48598 48609 48615 48616 48630 48664 48665 48676 48686 48687 48722 48761 48775 48783 48784 48813 48814 48828 48829 48862 48873 48882 48890 48910 48929 48930 48944 48958 48972 48980 49011 49021 49030 49057 49074 49075 49091 49110 49120 49127 49128 49139 49164 49175 49176 49192 49206 49230 49231 49236 49241 49259 49267 49302 49303 49343 49344 49345 49353 49354 49355 49367 49368 49391 49399 49400 49401 49426 49427 49452 49459 49463 49472 49473 49496 49497 49498 49507 49508 49530 49540 49551 49552 49571 49585 49586 49587 49596 49605 49606 49616 49676 49687 49697 49698 49706 49728 49729 49762 49771 49777 49783 49791 49865 49866 49867 49878 49906 49921 49922 49949 49959 49963 49964 50010 50057 50058 50077 50099 50107 50171 50177 50183 50184 50236 50282 50329 50417 50573 
	}
		
	history = {
		owner = RUS
		
		buildings = {
		}
		
		add_core_of = RUS
	}
    
	buildings_max_level_factor=1.000
        manpower=1
        state_category = rural
}
