state={
	id=233
	name="STATE_233"
	provinces={
		387 451 613 672 760 946 1246 1333 1546 1681 1710 1725 1782 1921 2166 2347 2364 2387 2588 2927 2943 3289 3552 3595 3609 3614 3710 3832 4090 4191 4610 4733 4788 4871 4890 4955 4986 5365 5410 5715 5745 6303 6439 6916 7169 7451 7567 7921 11751 11913 12034 12045 12238 12285 12392 12398 12754 12806 
	}
	history={
		owner = UKR
		add_core_of = UKR
		victory_points = {
			946 20
		}
	}
	buildings_max_level_factor=1.000
        manpower=1
        state_category = town
}
