state={
	id=237
	name="STATE_237"
	provinces={
		1535 1836 2182 2331 2340 3279 3311 3393 3528 3709 3916 4397 4486 4512 4553 4580 4650 4840 4941 5181 5314 5386 5498 5682 5712 5735 5749 5772 5849 5941 6024 6085 6172 6212 6242 6265 6355 6467 6483 6524 6537 6568 6590 6884 6899 6973 6992 6994 7008 7013 7233 7310 7516 7716 7797 7814 8029 8120 10845 10862 10886 10914 10924 10933 10942 10950 10955 10975 10981 10982 10997 11007 11008 11014 11017 11034 11050 11056 11057 11063 11075 11081 11093 11099 11116 11121 11126 11127 11132 11139 11150 11158 11168 11169 11175 11176 11179 11180 11182 11183 11193 11194 11195 11202 11208 11209 11213 11238 11239 11240 11241 11245 11246 11254 11255 11256 11262 11268 11269 11273 11280 11281 11283 11284 11285 11300 11301 11302 11303 11311 11316 11317 11332 11336 11337 11341 11350 11351 11352 11362 11377 11383 11387 11388 11401 11412 11419 11420 11421 11428 11429 11430 11449 11458 11459 11460 11461 11470 11474 11479 11498 11499 11500 11506 11509 11516 11517 11531 11538 11543 11550 11551 11556 11568 11578 11583 11589 11634 11651 11663 11680 11684 
	}
	history={
      victory_points = { 11195 5 }
      victory_points = { 2340 3 }
      victory_points = { 11158 3 }
      victory_points = { 11246 3 }
      victory_points = { 11499 3 }
      victory_points = { 5682 5 }
      victory_points = { 11458 5 }
      victory_points = { 6483 3 }
      victory_points = { 11377 3 }
      victory_points = { 11387 3 }
		victory_points = { 4941 10 }
		victory_points = { 11420 30 }
		owner = UKR
		add_core_of = UKR

                buildings = {
			infrastructure = 2
		}
	}
	buildings_max_level_factor=1.000
        manpower=1
        state_category = town
}
