state={
	id=238
	name="STATE_238"
	provinces={
		75 166 406 917 2473 3474 3539 3558 3632 3752 3931 3983 4088 4434 4841 4863 4944 4989 5036 5189 5250 5423 5574 5612 5627 5634 5658 5925 5934 6054 6125 6301 6331 6391 6619 6707 8272 8295 8306 8308 8313 8314 8339 8346 8366 8368 8372 8381 8385 8386 8399 8400 8408 8412 8418 8422 8424 8426 8432 8433 8434 8437 8449 8455 8457 8459 8465 8466 8485 8486 8489 8508 8516 8523 8534 8539 8551 8562 8571 8578 8585 
	}
	buildings_max_level_factor=1.000
        manpower=1
        state_category = town
}
