state={
	id=239
	name="STATE_239"
	provinces={
		71 106 283 1946 4436 4970 6005 6062 6227 6529 6585 6826 6897 7054 7064 7821 8365 9674 10526 10636 10890 11176 11269 11302 12083 12996 13076 14711 14784 15589 15729 15732 16096 16270 16315 16329 17018 17553 18379 18469 18616 19085 19382 19604 19612 20149 20258 20358 20543 22424 23258 23520 24284 25124 25975 26761 27218 48035 48282 48300 48375 48395 48408 48424 48471 48515 48539 48564 48591 48650 48705 48757 48758 48803 48819 48877 48925 48926 48953 48997 49102 49161 49214 49215 49235 49256 49295 49467 49548 49593 49806 49887 50075 
	}
	history = {
		owner = UKR
<<<<<<< Updated upstream

=======
		
>>>>>>> Stashed changes
		buildings = {
		}
		
		add_core_of = UKR
	}
	buildings_max_level_factor=1.000
        manpower=1
        state_category = rural
}
