state={
	id=24
	name="STATE_24"
	provinces={
		69 82 155 170 232 272 285 329 355 371 388 444 514 557 561 580 596 614 624 665 694 716 830 842 846 880 912 929 956 958 974 1011 1012 1016 1024 1068 1074 1118 1174 1232 1341 1435 1513 1534 1565 1580 1602 1612 1623 1660 1724 1756 1785 1792 1793 1809 1841 1856 1865 1880 1908 1910 1915 1929 1947 1951 1957 2000 2024 2092 2171 2191 2221 2237 2238 2277 2294 2382 2384 2422 2465 2496 2531 2572 2585 2630 2646 2658 2673 2711 2723 2729 2749 2828 2842 2852 2885 2889 3084 3176 3193 3215 3223 3276 3290 3311 3333 3403 3412 3438 3450 3515 3520 3525 3532 3619 3646 3654 3674 3698 3702 3707 3728 3736 3740 3749 3759 3787 3797 3815 3826 3865 3875 3892 3931 3943 3968 4025 4026 4040 4114 4115 4139 4230 4243 4260 4279 4314 4366 4368 4384 4423 4481 4540 4550 4560 4571 4586 4662 4682 4706 4710 4724 4808 4863 4880 4882 4897 4904 5025 5054 5094 5096 5139 5165 5188 5197 5199 5219 5338 5359 5413 5496 5513 5544 5633 5638 5647 5664 5703 5718 5742 5759 5784 5858 5859 5929 5946 5986 6000 6007 6020 6021 6027 6031 6093 6096 6123 6176 6234 6287 6304 6333 6336 6366 6367 6399 6443 6448 6454 6455 6460 6476 6482 6555 6586 6635 6648 6653 6668 6703 6772 6804 6820 6900 6905 6920 6921 6992 7079 7103 7119 7151 7204 7227 7240 7245 7254 7286 7310 7370 7375 7385 7395 7396 7422 7439 7706 7713 7719 7730 7737 7738 7753 7758 7765 7773 7778 7783 7793 7794 7797 7800 7803 7805 7807 7817 7822 7830 7842 7848 7849 7852 7858 7865 7870 7872 7896 7897 7902 7921 7925 7952 7955 7956 7965 7970 7992 8026 8032 8043 8062 8079 8085 8113 8127 8129 8147 8151 8164 8170 8182 
	}
	buildings_max_level_factor=1.000
        manpower=1
        state_category = town
}
