
state={
	id=24
	name="STATE_24"

	history={
		owner = RUS
		add_core_of = RUS

	}

	provinces={
		389 1297 1629 2191 3456 3776 4195 4983 5034 5547 6034 6868 7523 8782 9046 9123 9519 10262 11368 11437 12618 12656 13489 13536 14081 14478 14517 15038 15311 15383 15766 15880 16246 17110 17213 18670 18756 19219 19723 20222 22546 23155 23186 23964 24806 24853 25318 25744 26309 26590 26626 39553 39663 39781 39859 40110 40164 40277 40377 40488 40667 40731 40777 40854 40855 40962 40963 41082 41127 41175 41291 41292 41337 41358 41435 41482 41601 41621 41752 41753 41795 41817 41818 41920 41921 41922 41960 41961 41987 42009 42068 42069 42150 42254 42273 42382 42400 42436 42437 42480 42481 42482 42504 42595 42657 42658 42816 42817 42832 42853 42904 42956 43108 
	}
	manpower=245120
	buildings_max_level_factor=1.000
	state_category=town
	local_supplies=0.000
}
