state={
	id=240
	name="STATE_240"
	provinces={
		455 1131 1575 2261 3714 3796 4709 4826 5004 5366 6561 9225 11104 11386 11716 11780 11783 12408 12505 12847 13937 15346 16613 17520 17660 18017 18542 18786 19126 21719 22348 22983 23442 23738 25619 25960 27479 48103 48367 48517 48553 48628 48672 48695 48781 48795 48806 48807 48858 48870 48871 48881 48968 48977 48992 49020 49025 49079 49107 49181 49188 49204 49257 49316 49374 49406 
	}
	history = {
		owner = UKR
		
		buildings = {
		}
		
		add_core_of = UKR
	}
	buildings_max_level_factor=1.000
        manpower=1
        state_category = rural
}
