state={
	id=25
	name="STATE_25"
	provinces={
		78 99 311 383 423 424 645 920 937 1111 1116 1130 1163 1302 1334 1386 1396 1397 1558 1604 1742 1771 1993 2008 2096 2132 2219 2251 2287 2293 2324 2439 2679 2745 2748 2868 2879 2993 3042 3109 3114 3120 3145 3219 3334 3341 3540 3582 3595 3631 3729 3830 3855 3904 3918 4003 4069 4083 4088 4238 4305 4415 4475 4557 4696 4716 4870 4903 4911 4921 4952 4969 5092 5166 5342 5409 5514 5552 5628 6028 6047 6179 6215 6225 6461 6473 6488 6604 6707 6736 6994 7049 7061 7138 7184 7213 7262 7425 7440 7729 7770 7782 7798 7802 7823 7837 7850 7863 7888 7905 7947 7949 
	}
	buildings_max_level_factor=1.000
        manpower=1
        state_category = town
}
