state={
	id=259
	name="STATE_259"
	provinces={
		2685 4178 4245 4288 4677 4802 5478 5480 5660 5938 6092 6385 6408 6677 6871 6924 6930 6945 7026 7034 7347 7426 7722 7902 7912 7937 8069 8079 11290 11320 11331 11349 11361 11376 11382 11396 11399 11400 11410 11411 11417 11418 11427 11439 11440 11443 11455 11456 11457 11469 11477 11478 11490 11497 11505 11508 11515 11522 11523 11524 11525 11535 11542 11548 11549 11554 11555 11560 11561 11566 11567 11572 11577 11581 11582 11597 11601 11602 11614 11619 11632 11633 11650 11660 11668 11679 11690 11693 11701 11702 11733 11734 11765 
	}
	buildings_max_level_factor=1.000
        manpower=1
        state_category = town
}
