state={
	id=26
	name="STATE_26"
	provinces={
		814 1382 1958 3138 3710 4091 4324 5641 7867 8035 11410 11481 11585 12049 12883 13107 13365 15193 15472 15553 16471 16564 18079 18995 19800 21139 21239 21806 22093 23820 23989 24550 25101 26046 29487 29529 29550 29579 29616 29672 29709 29763 29796 29843 29861 29889 29901 29940 29989 29995 30045 30050 30088 30151 30168 30213 30263 30331 30387 30437 30474 30579 30691 
	}
	buildings_max_level_factor=1.000
        manpower=1
        state_category = rural
}
