state={
	id=260
	name="STATE_260"
	provinces={
		504 2949 3386 3389 7074 7466 8113 8807 9498 9780 10892 11239 12058 12376 12616 12617 12914 13671 14036 14793 15297 16160 16702 16786 17568 18266 18629 21449 22053 22462 25417 25714 25792 26833 27036 49145 49226 49246 49287 49349 49362 49372 49403 49456 49489 49584 49601 49622 49635 49693 49694 49859 49929 49930 50074 50092 50125 50132 50143 50220 50221 
	}
	history = {
		owner = UKR
		
		buildings = {
		}
		
		add_core_of = UKR
	}
	buildings_max_level_factor=1.000
        manpower=1
        state_category = rural
}
