state={
	id=267
	name="STATE_267"
	provinces={
		3 4 72 178 182 249 253 281 373 395 430 464 466 509 519 527 567 575 588 611 680 740 799 819 831 835 838 865 932 1004 1006 1018 1019 1044 1062 1155 1166 1215 1238 1268 1399 1437 1474 1485 1493 1505 1506 1548 1576 1649 1650 1682 1699 1715 1765 1885 1892 1932 1959 1966 2009 2040 2058 2081 2137 2138 2250 2262 2316 2362 2370 2386 2453 2599 2622 2636 2650 2654 2686 2698 2730 2735 2737 2738 2778 2847 2887 2960 2973 3057 3063 3101 3125 3134 3282 3322 3395 3469 3509 3528 3596 3616 3618 3650 3678 3724 3789 3823 3881 3921 3930 4044 4112 4132 4183 4193 4220 4261 4354 4383 4452 4464 4478 4567 4641 4651 4663 4680 4687 4705 4755 4797 4823 4864 4871 4924 4945 4970 4976 4979 4991 5056 5072 5122 5204 5226 5258 5300 5333 5571 5614 5627 5728 5768 5795 5868 5907 5951 6109 6142 6175 6239 6249 6267 6459 6469 6486 6494 6510 6547 6609 6632 6647 6661 6676 6685 6688 6701 6705 6757 6786 6794 6843 6919 6950 6956 6982 6997 7000 7210 7216 7313 7363 7417 7450 8841 8846 8856 8861 8868 8884 8887 8892 8897 8918 8919 8920 8922 8931 8934 8945 8948 8949 8950 8959 8960 8962 8968 8972 8973 8977 8978 8987 8988 8990 8995 8998 9001 9005 9014 9020 9025 9027 9028 9034 9039 9042 9048 9050 9051 9053 9055 9057 9061 9063 9064 9075 
	}
	buildings_max_level_factor=1.000
        manpower=1
        state_category = town
}
