state={
	id=269
	name="STATE_269"
	provinces={
		1124 1370 2117 2335 2543 4018 4027 4515 4638 4855 5048 5574 5683 5856 6004 6016 6136 6156 6179 6544 6964 7278 7317 7631 7756 7961 8077 11553 11575 11607 11612 11617 11618 11629 11642 11648 11656 11657 11658 11661 11665 11666 11674 11677 11687 11689 11697 11698 11711 11720 11725 11730 11739 11748 11749 11757 11768 11772 11777 11784 11800 11805 11813 11826 11833 11847 11848 11849 11869 11886 11887 11890 11901 11911 11923 11938 
	}
	history={
		owner = UKR
		add_core_of = UKR
		2015.1.1 = {
			transfer_state_to = LPR
			add_core_of = LPR
		}
		victory_points = {
			11805 30
		}
	}
	buildings_max_level_factor=1.000
        manpower=1
        state_category = town
}
