state={
	id=27
	name="STATE_27"
	provinces={
		157 298 342 349 401 432 468 476 520 541 564 579 620 698 702 933 972 1034 1080 1085 1146 1202 1248 1368 1404 1554 1643 1679 1743 1751 1774 1821 1849 1887 1904 2022 2033 2048 2157 2265 2343 2500 2517 2524 2593 2904 2920 3032 3052 3060 3159 3227 3234 3256 3340 3357 3374 3420 3439 3449 3451 3488 3512 3544 3556 3557 3591 3605 3685 3692 3903 3905 3932 3939 4009 4216 4265 4417 4447 4455 4487 4544 4592 4600 4601 4749 4763 4805 4818 4883 4913 4922 4962 4975 5045 5083 5158 5163 5233 5266 5288 5298 5323 5423 5492 5517 5550 5651 5732 5815 5908 5910 5939 5950 6084 6098 6145 6159 6195 6229 6350 6420 6511 6525 6572 6606 6614 6619 6762 6775 6812 6847 6949 6974 7017 7034 7040 7067 7096 7129 7162 7194 7350 7810 7813 7814 7824 7825 7841 7847 7861 7866 7877 7903 7911 7913 7917 7930 7932 7940 7951 7968 7981 7994 7996 8010 8018 8020 8029 8037 8044 8048 8056 8061 8080 8081 8086 8103 8107 8117 8132 8156 8166 8173 8195 
	}
	buildings_max_level_factor=1.000
        manpower=1
        state_category = town
}
