state={
	id=270
	name="STATE_270"
	provinces={
		31 1326 3535 3733 4430 4907 5273 5492 5627 5742 5935 6467 8095 8776 9132 9204 9249 9666 10205 10310 10327 10615 10884 11307 11416 12388 12825 13019 13678 14177 14941 15028 15029 15223 15542 15875 16173 16752 16869 16997 17286 17442 17505 17521 18276 18914 19301 19308 19415 19818 20037 20108 20925 20963 21145 21749 21767 22154 22281 22912 23183 23321 23403 23648 24156 24870 25345 25560 25724 26418 26538 27117 27338 27543 49308 49418 49492 49518 49602 49663 49681 49685 49703 49719 49734 49748 49760 49782 49809 49819 49831 49843 49848 49854 49889 49924 49940 50016 50022 50029 50030 50044 50069 50119 50126 50147 50156 50164 50174 50205 50247 50273 50294 50295 50302 50303 50339 50345 50443 50549 50615 50622 
	}
	history = {
		owner = UKR
		
		buildings = {
		}
		
		add_core_of = UKR
	}
	buildings_max_level_factor=1.000
        manpower=1
        state_category = rural
}
