state={
	id=272
	name="STATE_272"
	provinces={
		2253 3432 4707 5039 5106 5223 5804 5847 5909 6103 6197 6232 6384 6511 6512 6852 7090 7156 7211 7286 7650 7781 7875 7945 7958 11491 11518 11539 11544 11557 11569 11570 11609 11624 11635 11644 11645 11652 11669 11691 11723 11735 11742 11743 11753 11759 11760 11774 11780 11781 11785 11793 11794 11795 11802 11816 11823 11837 11838 11844 11861 11866 11874 11879 11880 11896 11906 11907 11916 11920 11927 11943 12016 
	}
	history={
		victory_points = { 6384 5 }
		owner = UKR
		add_core_of = UKR
	}
	buildings_max_level_factor=1.000
        manpower=1
        state_category = town
}
