state={
	id=277
	name="STATE_277"
	provinces={
		45 76 123 178 198 210 278 359 443 473 485 525 536 541 543 559 564 572 575 581 699 729 730 737 823 850 857 909 916 925 982 989 999 1003 1022 1029 1057 1146 1150 1189 1203 1266 1275 1308 1334 1338 1348 1379 1450 1463 1478 1498 1533 1536 1538 1645 1671 1791 1809 1813 1835 1864 1906 1951 1985 2136 2183 2198 2278 2296 2339 2355 2499 2504 2533 2567 2621 2629 2672 2749 2791 2815 2835 2860 3074 3087 3124 3140 3179 3330 3358 3369 3401 3435 3519 3522 3554 3574 3600 3602 3610 3755 3768 3803 3858 3952 3983 4014 4043 4062 4075 4127 4166 4187 4217 4244 4280 4286 4308 4368 4413 4481 4568 4597 4614 4671 4778 4818 4824 4859 4865 4968 5039 5042 5043 5129 5174 5181 5196 5220 5224 5330 5369 5393 5427 5465 5487 5503 5599 5615 5617 5699 5710 5735 5789 5803 5817 5842 5878 5882 5890 5899 5924 5934 5964 6113 6121 6142 6143 6225 6269 6293 6313 6367 6376 6469 6483 6573 6597 6636 6650 6677 6705 6721 6737 6945 6991 7046 7081 7136 7148 7153 7173 7190 7255 7272 7298 7318 7414 7434 7537 7555 7591 7597 7638 7759 7764 7809 7841 7843 7879 7881 8070 8072 8127 8145 8154 8166 8304 8353 8366 8378 8389 8400 8446 8491 8494 8543 8616 8687 8726 8727 8779 8782 8844 8866 8867 8881 8903 8965 8993 9090 9208 9310 9338 9342 9390 9451 9484 9518 9543 9611 9624 9649 9703 9724 9776 9789 9795 9802 9893 9963 10005 10017 10195 10235 10293 10410 10419 10424 10499 10679 10684 10751 10775 10782 10936 10968 11024 11042 11073 11115 11135 11192 11220 11285 11338 11345 11555 11560 11569 11588 11631 11636 11660 11711 11717 11740 11791 11830 11834 11913 11918 11955 12024 12144 12326 12400 12502 12619 12638 12748 12802 12891 12898 12929 12953 13017 13060 13144 13178 13247 13275 13312 13329 13405 13443 13475 13531 13536 13646 13658 13767 13820 13872 13889 13893 14002 14123 14136 14151 14171 14223 14238 14330 14366 14433 14443 14462 14472 14475 14529 14719 14735 14877 15103 15159 15210 15235 15262 15362 15450 15567 15576 15607 15615 15680 15697 15735 15849 15917 15944 15987 16264 16307 16384 16414 16491 16585 16600 16624 16714 16737 16834 16859 16970 17065 17068 17222 17293 17324 17376 17412 17463 17644 17720 17857 17858 17924 17973 18020 18025 18027 18126 18131 18146 18158 18170 18237 18243 18258 18293 18353 18556 18633 18686 18741 18742 18771 18812 18893 18911 18955 19074 19114 19144 19168 19260 19372 19376 19432 19436 19547 19688 19708 19754 19776 19807 19954 20036 20065 20160 20239 20299 20311 20322 20326 20397 20563 20749 20775 20832 20892 20923 21108 21164 21223 21247 21310 21327 21463 21465 21527 21534 21611 21673 21722 21911 22050 22182 22267 22385 22622 22681 22703 22738 22877 22889 22898 22971 22978 22981 23037 23063 23081 23102 23157 23169 23181 23234 23287 23320 23342 23559 23596 23624 23763 23780 23787 23806 23813 23917 23957 24005 24111 24287 24302 24338 24427 24684 24701 24709 24729 24823 24871 24919 25028 25076 25134 25143 25213 25221 25305 25424 25460 25502 25503 25538 25621 25632 25679 25843 26037 26048 26177 26203 26405 26409 26459 26462 26504 26522 26572 26723 26775 26810 26922 26959 27027 27034 27165 27179 27186 27319 27344 49833 49897 49961 49994 49995 50031 50040 50045 50046 50070 50086 50095 50148 50157 50158 50175 50196 50200 50206 50234 50259 50296 50311 50320 50321 50328 50340 50346 50360 50373 50374 50378 50401 50407 50408 50420 50425 50438 50464 50465 50476 50477 50483 50485 50491 50519 50527 50534 50535 50545 50550 50555 50556 50563 50590 50597 50608 50616 50617 50626 50645 50671 50672 50692 50695 50696 50702 50703 50726 50733 50734 50742 50743 50747 50748 50752 50755 50784 50785 50786 50793 50800 50801 50810 50817 50818 50821 50828 50833 50848 50855 50861 50870 50882 50904 50907 50908 50911 50927 50930 50932 50933 50944 50948 50952 50962 50970 50971 50976 50982 50983 50986 50992 51003 51007 51010 51017 51018 51019 51024 51025 51041 51052 51058 51061 51062 51067 51078 51089 51097 51099 51103 51107 51108 51109 51113 51114 51117 51128 51129 51135 51141 51149 51150 51156 51157 51158 51164 51170 51171 51174 51194 51199 51203 51211 51227 51230 51231 51237 51238 51241 51247 51260 51262 51266 51272 51281 51284 51291 51300 51303 51304 51321 51341 51342 51345 51346 51349 51350 51352 51357 51361 51373 51378 51380 51381 51383 51384 51400 51407 51414 51416 51419 51431 51443 51446 51453 51457 51458 51460 51463 51468 51472 51475 51478 51481 51487 51492 51496 51498 51499 51503 51505 51506 51508 51514 51515 51526 51527 51530 51540 51547 51550 51551 51552 51557 51559 51567 51570 51579 51582 51585 51586 51597 51598 51609 51610 51615 51626 51635 51650 51652 51661 51662 51664 51671 51682 51683 51687 51692 51694 51695 51704 51714 51728 51743 51748 51758 51761 51769 51771 51778 51796 51797 51798 51799 51802 51805 51820 51824 51834 51835 
	}
	buildings_max_level_factor=1.000
        manpower=1
        state_category = rural
}
