
state={
	id=28
	name="STATE_28"
	provinces={
		137 632 674 687 695 805 834 914 921 1053 1112 1334 1335 1440 1454 1782 1971 2060 2148 2288 2322 2413 2504 2604 2642 2907 3383 3398 3958 3960 4006 4028 4030 4039 4132 4221 4225 4312 4349 4512 4532 4570 4677 4713 4893 5011 5070 5111 5120 5399 5680 5727 6049 6078 6199 6332 6699 6841 6885 6916 6922 7090 7396 7449 7549 7736 7782 7912 8045 8104 8120 8209 8253 8353 8405 8544 8632 8710 8746 8937 9079 9082 9113 9120 9169 9219 9328 9438 9489 9520 9529 9562 9564 9699 9856 9984 10012 10050 10130 10150 10181 10233 10510 10696 10722 11370 11390 11406 11414 11498 11858 11923 12186 12259 12391 12428 12571 12728 12749 12837 12905 13151 13295 13429 13439 13477 13514 13532 13732 13865 13993 14030 14043 14220 14274 14338 14724 14808 14881 15019 15027 15103 15115 15391 15865 15983 16039 16122 16188 16305 16317 16338 16342 16528 16786 16799 16956 17101 17141 17173 17226 17273 17368 17482 17490 17524 17537 17628 17633 17844 17995 18120 18172 18262 18359 18638 18919 19053 19264 19346 19378 19459 19495 19725 19865 19965 20121 20159 20221 20250 20426 20503 20713 20718 20763 21009 21089 21091 21274 21347 21440 21612 21686 21864 21959 21985 22001 22071 22077 22114 22119 22155 22370 22421 22434 22451 22487 22510 22770 23007 23054 23150 23235 23427 23511 23614 23632 23786 24234 24379 24412 24510 24518 24601 24664 24827 24886 24949 24989 25114 25213 25408 25454 25561 25609 25619 25690 25754 25791 26097 26149 26168 26250 26265 26386 26573 26651 26786 26877 26928 27042 27118 27191 27236 46774 46839 46906 46971 46989 47046 47058 47135 47267 47268 47280 47308 47336 47337 47354 47401 47420 47421 47475 47476 47494 47511 47526 47527 47536 47569 47596 47623 47633 47634 47645 47672 47709 47744 47755 47756 47757 47770 47771 47783 47784 47793 47814 47815 47830 47865 47866 47867 47887 47899 47900 47901 47911 47919 47960 47968 47979 47992 48005 48040 48093 48094 48138 48139 48177 48191 48199 48228 48252 48262 48271 48281 48290 48313 48345 48361 48370 48385 48393 48423 48434 48452 48479 48480 48481 48527 48540 48541 48542 48550 48551 48552 48559 48560 48561 48569 48606 48607 48619 48627 48628 48634 48640 48641 48655 48659 48687 48698 48708 48715 48721 48722 48723 48724 48733 48757 48758 48802 48806 48820 48832 48849 48867 48868 48869 48892 48901 48913 48924 48925 48934 48937 48963 48999 49003 49040 49041 49046 49063 49064 49069 49089 49108 49113 49124 49135 49161 49167 49177 49206 49217 49218 49235 49249 49266 49275 49291 49305 49309 49345 49352 49353 49354 49372 49373 49384 49434 49455 49458 49491 49517 49532 49542 49567 49568 49579 49583 49603 49612 49638 49645 49705 49732 49737 49769 49780 49796 49873 49896 50008 
	}
	history = {
        owner = UKR
		add_core_of = UKR

	}

	state_category=rural
	manpower=617200
	buildings_max_level_factor=1.000
	local_supplies=0.000
}