state={
	id=288
	name="STATE_288"
	provinces={
		302 694 1423 2483 2537 2765 3115 3192 3334 3735 4088 4348 4852 4880 4937 7300 7851 8944 10115 10279 10895 11428 15999 16694 17251 17786 18216 18438 19005 19050 19997 20512 21193 22054 22081 22635 23747 25001 25023 25041 25576 25612 25992 50319 50419 50451 50502 50508 50518 50547 50613 50644 50664 50669 50682 50706 50715 50763 50764 50770 50771 50809 50825 50847 50877 50881 50943 
	}
	history = {
		owner = UKR
		
		buildings = {
		}
		
		add_core_of = UKR
	}
	buildings_max_level_factor=1.000
        manpower=1
        state_category = rural
}
