state={
	id=295
	name="STATE_295"
	provinces={
		53 61 124 151 201 251 252 273 392 393 405 428 429 467 477 559 573 577 589 606 632 641 654 791 833 883 951 983 1178 1214 1251 1258 1284 1292 1295 1351 1367 1384 1415 1450 1462 1605 1744 1846 1949 2046 2062 2089 2110 2180 2208 2232 2361 2469 2483 2502 2576 2666 2668 2675 2676 2753 2832 2984 3191 3210 3242 3253 3339 3368 3380 3443 3491 3592 3614 3697 3769 3799 3802 3805 3831 3957 4052 4150 4237 4274 4286 4295 4373 4409 4489 4596 4629 4673 4684 4762 4791 4807 4925 4934 4938 4953 5030 5036 5037 5042 5055 5292 5329 5344 5370 5399 5429 5436 5526 5602 5644 5655 5678 5744 5756 5770 5789 5819 5877 5931 5988 6125 6132 6214 6352 6393 6437 6445 6588 6622 6634 6660 6683 6837 7003 7059 7070 7124 7148 7248 7401 7430 7431 8908 8927 8943 8951 8954 8961 8974 8979 8985 8992 9006 9007 9015 9019 9021 9026 9033 9035 9037 9040 9043 9044 9046 9047 9049 9054 9056 9060 9065 9069 9073 9078 
	}
	buildings_max_level_factor=1.000
        manpower=1
        state_category = town
}
