
state={
	id=3
	name="STATE_3"

	history={
		owner = CRI

	}

	provinces={
		75 179 1461 1472 1958 2114 2138 3331 3796 3914 4259 4274 5031 5789 5952 6349 6377 6541 6953 8694 8824 9357 10436 10732 12415 13059 13236 13401 13525 13734 14167 15584 16220 17054 17834 18660 19019 19297 20003 20062 20778 20874 21500 21950 21989 23589 23715 24137 24824 25505 25613 49420 49569 49585 49605 49626 49639 49663 49667 49679 49721 49750 49751 49753 49758 49797 49811 49820 49849 49850 49856 49879 49880 49904 49957 49973 49982 50012 50017 50021 50022 50071 50072 50087 50101 50102 50111 50112 50145 50146 50203 50213 50239 50698 
	}
	manpower=147033
	buildings_max_level_factor=1.000
	state_category=city
	local_supplies=0.000
}
