state={
	id=3
	name="STATE_3"
	provinces={
		70 95 338 450 527 720 741 842 871 994 1002 1015 1027 1069 1070 1083 1164 1170 1587 1705 1817 2071 2151 2227 2271 2324 2327 2349 2406 2641 2645 2843 3101 3165 3257 3268 3272 3344 3378 3396 3545 3648 3659 3788 3818 3881 3974 4001 4089 4306 4406 4421 4703 4805 4904 4927 4993 5163 5164 5349 5456 5459 5494 5816 5820 5860 5897 6282 6349 6409 6538 6567 6614 6635 6653 6772 6872 6949 6987 7037 7051 7184 7381 7579 7691 7769 7770 8028 8774 8840 8910 8919 9228 9575 9594 9698 9781 9970 9998 10703 10787 10833 10857 10869 10876 11072 11242 11359 11419 11730 12102 12591 12618 12656 13069 13246 13374 13753 14168 14216 14389 14512 15413 15871 16102 16359 16370 16608 16908 16923 17231 17289 17364 17382 17538 17649 18805 19121 19268 19481 19555 19639 19675 20698 21039 21157 21507 21685 21705 22131 22439 23044 23171 23510 23894 24736 24856 25362 25448 25993 26111 26310 26765 27299 27555 27594 27599 27606 27618 27631 27638 27652 27655 27660 27661 27674 27711 27721 27722 27735 27759 27768 27773 27779 27793 27794 27805 27813 27822 27823 27841 27861 27871 27878 27915 27942 27952 27955 27965 27981 27985 28008 28018 28043 28061 28070 28076 28077 28093 28105 28108 28117 28120 28129 28214 28215 28266 28298 
	}
	history = {
		owner = BLR
		
		buildings = {
		}
		
		add_core_of = BLR
	}
	buildings_max_level_factor=1.000
        manpower=1
        state_category = rural
}
