state={
	id=30
	name="STATE_30"
	provinces={
		138 144 159 196 210 220 297 446 521 585 598 630 675 805 881 902 959 985 993 1073 1160 1278 1560 1582 1624 1655 1761 1864 1926 1983 2004 2005 2017 2063 2095 2144 2154 2210 2245 2320 2378 2383 2493 2638 2674 2703 2797 2859 2899 2930 3011 3065 3086 3154 3259 3260 3352 3356 3359 3415 3464 3494 3584 3657 3669 3871 3882 3909 3934 3937 3944 3986 4117 4138 4147 4263 4271 4399 4437 4488 4507 4525 4731 4739 4800 4923 4985 5007 5086 5104 5106 5175 5209 5246 5262 5365 5381 5460 5468 5488 5523 5582 5704 5865 6019 6071 6141 6278 6328 6332 6458 6471 6474 6497 6602 6605 6662 6742 6756 6787 6877 6973 7018 7065 7075 7190 7203 7215 7239 7255 7277 7291 7835 7843 7851 7869 7871 7886 7894 7904 7908 7918 7926 7928 7948 7950 7967 7972 7976 7978 7987 7988 7991 8000 8004 8014 8022 8031 8034 8035 8039 8047 8052 8096 8163 
	}
	buildings_max_level_factor=1.000
        manpower=1
        state_category = town
}
