state={
	id=306
	name="STATE_306"
	provinces={
		490 1391 1397 1639 1647 1873 1940 1978 2496 2915 3304 3463 3634 4027 4462 4549 4803 4844 5884 6322 6524 6536 6587 6666 6920 6948 7415 7887 8139 8141 8424 8802 9075 9189 10383 10578 10765 11257 11461 11484 11710 11920 12354 12390 12437 12712 12900 13697 13790 14396 14926 15130 15588 15963 18555 18752 19259 19826 20438 20494 20587 20816 20842 21079 23270 23563 24235 24489 24520 24917 25228 26032 26811 27083 27357 50874 50898 50928 50936 50963 50987 51030 51031 51034 51042 51043 51044 51054 51090 51093 51098 51118 51130 51151 51152 51153 51195 51216 51217 51228 51249 51292 51307 51308 51368 51389 
	}
	buildings_max_level_factor=1.000
        manpower=1
        state_category = rural
}
