
state={
	id=31
	name="STATE_31"
	provinces={
		700 1375 1761 2295 4219 4606 6563 6806 7197 7894 8372 9601 10183 10261 10435 10466 11555 11757 12271 12324 12723 13537 13640 13964 14166 14677 14728 14807 15336 15500 15827 16109 17192 18300 18677 19220 19385 19504 19578 19775 20063 20081 20720 21702 22161 22290 23410 23502 24158 24333 24369 24488 24749 25233 25448 26063 26179 26726 26835 26950 36177 36368 36416 36456 36474 36560 36561 36636 36660 36683 36726 36749 36766 36767 36819 36820 36869 36870 36898 36899 36956 36972 37000 37001 37021 37022 37079 37099 37120 37154 37171 37206 37260 37312 37313 37334 37393 37394 37444 37639 37640 37680 37722 37776 37810 37836 37910 37972 37992 38073 38130 38159 38262 38290 
	}
	history = {
        owner = UKR
		add_core_of = UKR

	}

	state_category=town
	manpower=18079
	buildings_max_level_factor=1.000
	local_supplies=0.000
}
