state={
	id=31
	name="STATE_31"
	provinces={
		22 24 47 52 79 93 98 184 257 276 299 311 312 317 370 432 437 594 620 671 717 789 820 826 858 879 898 924 971 994 1094 1183 1198 1222 1226 1244 1311 1344 1377 1394 1402 1431 1608 1717 1739 1763 1766 1856 1947 2034 2043 2051 2183 2189 2220 2245 2277 2290 2452 2490 2610 2686 2701 2706 2763 2811 2812 2848 2877 2895 2902 2949 3272 3289 3298 3370 3502 3591 3615 3618 3639 3659 3760 3809 3813 4073 4170 4371 4490 4514 4552 4596 4615 4619 4868 4967 4977 5402 5422 5442 5595 5647 6107 6156 6184 6316 6501 6670 7134 7154 7163 7173 7174 7198 7222 7224 7228 7256 7267 7268 7282 7290 7300 7335 7337 7427 
	}
	history={
		owner = RUS
		add_core_of = RUS
	}
	buildings_max_level_factor=1.000
        manpower=1
        state_category = town
}
