state={
	id=315
	name="STATE_315"
	provinces={
		301 2270 2617 2736 2938 3768 3823 3926 4260 4270 5021 5100 5193 5360 5429 5857 5949 6091 6114 6430 6523 6926 7271 7290 7551 7553 7730 8082 11970 11985 11998 12008 12028 12029 12038 12064 12065 12066 12088 12093 12101 12104 12115 12121 12131 12138 12153 12157 12158 12159 12168 12180 12200 12201 12210 12219 12220 12226 12234 12244 12256 12261 12277 12278 12290 12296 12300 12307 12319 12320 12321 12337 12338 12346 12353 12362 12366 12367 12368 12374 12381 12404 12410 12417 12418 12419 12420 12439 12444 12453 12460 12461 12465 12474 12479 12494 12495 12503 12508 12516 
	}
	history={
		owner = UKR
		add_core_of = UKR
		victory_points = {
			12219 10
		}
	}
	buildings_max_level_factor=1.000
        manpower=1
        state_category = town
}
