state={
	id=317
	name="STATE_317"
	provinces={
		17 35 53 175 194 269 279 289 384 419 586 705 707 794 813 830 850 961 976 1020 1031 1036 1054 1065 1071 1074 1158 1272 1345 1382 1521 1603 1648 1730 1755 1762 1878 1931 1969 2015 2064 2074 2077 2087 2187 2213 2263 2265 2467 2496 2524 2628 2976 3023 3082 3099 3141 3256 3279 3295 3674 3730 3739 3740 3789 3864 4306 4404 4488 4519 4727 4799 4801 4879 4936 4983 5011 5064 5135 5382 5416 5929 5964 5973 6278 6574 9077 9172 9276 9504 9564 9630 9800 9832 9854 
	}
	buildings_max_level_factor=1.000
        manpower=1
        state_category = town
}
