state={
	id=32
	name="STATE_32"
	provinces={
		20 22 95 125 143 145 165 171 172 176 189 204 217 223 250 290 293 338 345 370 376 460 461 510 517 529 537 540 549 553 583 640 670 689 752 801 812 866 891 898 940 946 953 961 977 1001 1013 1017 1041 1093 1103 1117 1122 1132 1157 1168 1173 1203 1213 1219 1247 1287 1312 1316 1335 1348 1373 1383 1392 1434 1442 1455 1457 1491 1495 1531 1545 1592 1666 1687 1688 1703 1718 1735 1749 1804 1833 1877 1888 1905 1914 1918 1919 1942 1979 1994 1997 2006 2034 2042 2043 2116 2135 2160 2170 2175 2185 2220 2247 2308 2315 2319 2335 2360 2374 2397 2426 2430 2437 2442 2452 2454 2460 2499 2543 2587 2590 2595 2615 2634 2653 2672 2678 2721 2725 2734 2740 2752 2793 2802 2823 2853 2864 2871 2877 3005 3012 3046 3064 3082 3093 3096 3104 3106 3110 3118 3152 3160 3177 3179 3188 3190 3200 3269 3291 3308 3335 3338 3346 3367 3376 3387 3394 3405 3413 3414 3437 3470 3482 3529 3533 3565 3588 3600 3633 3635 3636 3641 3721 3748 3750 3751 3777 3793 3796 3825 3827 3842 3843 3852 3861 3883 3902 3910 3941 3950 3973 4000 4008 4019 4065 4073 4085 4110 4135 4144 4167 4173 4187 4209 4212 4253 4264 4268 4299 4337 4378 4385 4433 4476 4483 4496 4518 4534 4547 4553 4559 4564 4637 4649 4657 4694 4698 4700 4704 4730 4737 4753 4767 4816 4853 4875 4879 4889 4902 4935 4951 4967 4996 5017 5033 5034 5039 5043 5061 5066 5078 5091 5115 5127 5133 5153 5173 5177 5185 5186 5214 5218 5221 5237 5238 5239 5261 5264 5272 5293 5295 5309 5352 5353 5355 5357 5402 5403 5414 5437 5450 5451 5458 5481 5491 5531 5559 5641 5657 5694 5699 5700 5722 5754 5839 5844 5850 5860 5862 5879 5886 5909 5933 5938 5975 5976 6008 6013 6018 6039 6058 6069 6070 6076 6100 6110 6127 6172 6191 6193 6205 6211 6230 6235 6248 6271 6279 6283 6286 6303 6319 6353 6361 6385 6395 6415 6456 6457 6462 6475 6477 6509 6514 6534 6536 6568 6569 6575 6629 6640 6649 6670 6678 6690 6691 6741 6811 6814 6823 6872 6873 6878 6897 6915 6935 6937 6958 6959 6969 6989 7020 7025 7031 7035 7045 7107 7133 7139 7172 7187 7205 7214 7247 7252 7274 7278 7280 7358 7403 7873 7887 7889 7900 7914 7916 7929 7934 7937 7939 7946 7954 7957 7962 7979 7982 8002 8003 8005 8015 8016 8017 8028 8033 8036 8045 8053 8055 8066 8067 8068 8073 8078 8082 8090 8094 8110 8118 8121 8123 8133 8137 8139 8140 8141 8172 8174 8175 8183 8188 8196 8203 8204 8206 8217 8220 8224 8227 8234 8247 8248 8254 8255 8264 8271 8274 8277 8280 8287 8318 8326 8329 8336 8347 8352 8357 8358 8370 8376 8388 8391 8436 8441 8470 8477 8480 8497 8508 8512 8514 8528 8534 8536 8563 8568 8569 8570 8575 8613 8618 
	}
	buildings_max_level_factor=1.000
        manpower=1
        state_category = town
}
