state={
	id=33
	name="STATE_33"
	provinces={
		119 403 1261 1366 1994 2380 3049 3052 4032 5046 5534 5760 5922 6069 6470 6533 6899 7220 7390 8352 9122 9278 9688 9894 10551 11187 11407 12057 12490 12709 13264 13271 14568 15031 16783 16929 17233 17322 17698 17926 19218 19461 19906 21482 22039 22074 22186 22371 22974 23425 23961 24162 24268 24507 25457 26195 26439 26519 27195 27312 31026 31033 31163 31211 31301 31329 31343 31386 31403 31420 31431 31463 31477 31497 31498 31516 31529 31530 31531 31551 31559 31579 31615 31616 31625 31626 31634 31635 31659 31660 31731 31732 31746 31772 31783 31784 31804 31822 31871 31872 31887 31902 31915 31916 32009 32050 32051 32128 32129 32152 32175 32312 32341 32391 32392 32433 32449 32450 32592 
	}
	buildings_max_level_factor=1.000
        manpower=1
        state_category = rural
}
