state={
	id=332
	name="STATE_332"
	provinces={
		144 428 673 711 1416 1544 2235 2873 3721 3747 4353 4451 4618 4848 4975 5050 5065 5295 5531 5755 5854 6298 6368 6873 6913 7263 7302 7339 7407 7483 7799 7816 7838 7903 8062 8095 12328 12329 12363 12375 12376 12382 12395 12405 12411 12421 12434 12440 12441 12445 12462 12466 12475 12480 12481 12489 12509 12510 12517 12526 12527 12531 12547 12548 12554 12559 12560 12565 12566 12581 12582 12589 12590 12591 12605 12609 12610 12611 12625 12626 12627 12638 12648 12649 12650 12675 12688 12689 12698 12699 12700 12701 12705 12713 12721 12722 12728 12736 12744 12745 12746 12756 12757 12765 12766 12773 12774 12783 12789 12795 12811 12812 12816 12817 12818 12819 12827 12837 12838 12845 12846 12854 12861 12875 12882 12883 12884 12895 12896 12903 12908 12917 12921 12927 12933 12952 12953 12968 12978 13007 
	}
	buildings_max_level_factor=1.000
        manpower=1
        state_category = town
}
