state={
	id=334
	name="STATE_334"
	provinces={
		46 106 120 166 192 313 563 579 603 630 784 799 805 821 836 857 860 1011 1165 1209 1259 1301 1345 1430 1456 1701 2011 2111 2151 2171 2308 2346 2510 2612 2656 2783 2816 2985 3014 3055 3116 3261 3354 3366 3557 3704 3762 3765 3803 4034 4083 4120 4190 4290 4308 4649 4711 4949 5158 5428 5688 6369 6829 6898 7050 7318 8085 12414 12521 13319 13569 14066 14174 14310 14342 14417 14421 14433 14437 14479 14505 
	}
	buildings_max_level_factor=1.000
        manpower=1
        state_category = town
}
