state={
	id=335
	name="STATE_335"
	provinces={
		57 163 273 294 496 506 626 672 715 757 773 788 854 889 929 1043 1081 1145 1181 1294 1430 1553 1773 1840 2040 2294 2363 2389 2442 2456 2487 2591 2639 2656 2662 2741 2805 2890 2925 3029 3059 3067 3105 3237 3382 3434 3531 3546 3547 3580 3695 3947 4022 4231 4331 4333 4534 4838 4935 4937 5414 5550 5829 5839 6021 6555 6681 6799 9333 9436 9443 9505 9542 9615 9616 9712 9780 9823 
	}
	buildings_max_level_factor=1.000
        manpower=1
        state_category = town
}
