
state={
	id=34
	name="STATE_34"
	provinces={
		2087 5537 5868 5878 7072 8532 9380 9638 11023 11175 11428 11540 12042 14421 14444 18566 19615 21713 22385 22471 22620 23567 25327 26207 43667 43798 43799 43898 44022 44075 44165 44166 44250 44290 44325 44443 44562 44588 44610 44672 44689 44747 44816 44817 44874 44897 44933 45097 45136 45219 45281 45321 45489 45490 45530 45555 45624 45713 
	}
	history = {
        owner = UKR
		add_core_of = UKR

	}

	state_category=town
	manpower=26015
	buildings_max_level_factor=1.000
	local_supplies=0.000
}
