state={
	id=34
	name="STATE_34"
	provinces={
		100 102 327 363 437 486 552 686 807 808 901 943 998 1042 1406 1435 1591 1689 1700 1741 1742 1785 1821 1864 1871 1902 1966 2170 2177 2254 2263 2272 2294 2303 2352 2368 2372 2382 2536 2631 2694 2695 2776 2800 3000 3072 3133 3693 3698 3733 3913 4046 4086 4142 4150 4164 4202 4459 4531 4590 4690 4905 5071 5118 5226 5407 5411 5487 5523 5553 5556 5606 5648 5689 5769 5801 5871 5884 5965 5988 5990 6020 6263 6275 6374 6567 6743 6975 6997 7056 7219 7332 7348 7405 8294 8304 8307 8314 8321 8334 8340 8360 8373 8379 8395 8410 8443 8466 8467 8469 8470 8485 8496 8508 
	}
	history={
		owner = UKR
		add_core_of = UKR
	}
	buildings_max_level_factor=1.000
        manpower=1
        state_category = town
}
