state={
	id=340
	name="STATE_340"
	provinces={
		739 841 1106 1253 1537 2090 2147 2527 2762 2918 2970 3267 3642 3845 4765 5121 5437 5701 6733 7063 7289 7366 7850 8617 8803 8931 8980 9021 11586 11700 13108 13713 14300 14558 18212 18422 18636 18846 19509 20553 21269 22816 23899 24487 25824 27258 27337 51533 51542 51572 51606 51614 51648 51653 51666 51679 51735 51742 51745 51752 51756 51773 51776 51806 51808 51809 51827 
	}
	history = {
		owner = SER
		
		buildings = {
		}
		
		add_core_of = SER
	}
	buildings_max_level_factor=1.000
        manpower=1
        state_category = rural
}
