state={
	id=348
	name="STATE_348"
	provinces={
		17 27 38 41 43 57 71 80 102 137 147 152 175 181 184 192 218 229 237 238 244 254 289 343 352 481 503 518 533 569 586 610 612 639 652 676 679 688 710 720 735 751 790 809 836 862 874 952 964 973 986 1010 1020 1036 1084 1091 1156 1162 1191 1200 1205 1208 1221 1290 1307 1322 1329 1336 1372 1395 1428 1453 1464 1494 1510 1567 1618 1636 1639 1657 1691 1697 1698 1720 1760 1782 1819 1860 1920 1925 1954 1958 1998 2007 2038 2066 2072 2097 2112 2126 2179 2190 2222 2233 2239 2259 2260 2264 2321 2352 2357 2387 2392 2394 2433 2436 2449 2476 2487 2519 2528 2553 2565 2611 2617 2625 2660 2694 2700 2704 2720 2733 2742 2766 2801 2921 2926 2935 2939 2961 2965 3031 3034 3073 3081 3099 3111 3113 3126 3131 3135 3147 3151 3156 3170 3273 3297 3310 3324 3378 3383 3404 3410 3510 3518 3541 3567 3570 3574 3647 3649 3670 3756 3784 3839 3863 3866 3896 3908 3914 3927 3945 3969 3974 3975 4022 4045 4047 4057 4142 4186 4188 4206 4276 4307 4328 4351 4352 4375 4404 4422 4440 4458 4485 4512 4565 4603 4622 4659 4667 4686 4693 4701 4728 4735 4740 4766 4776 4784 4799 4812 4813 4831 4844 4891 4909 4997 5023 5047 5063 5088 5095 5116 5118 5155 5217 5242 5259 5276 5279 5324 5366 5411 5470 5476 5499 5503 5504 5508 5583 5585 5587 5594 5600 5637 5662 5665 5677 5727 5757 5824 5825 5876 5904 5914 5966 5970 5971 5972 5977 5982 5985 6002 6099 6104 6114 6133 6153 6174 6222 6227 6236 6240 6252 6264 6270 6325 6347 6363 6371 6386 6419 6438 6442 6446 6524 6531 6545 6550 6631 6642 6659 6675 6712 6718 6797 6801 6808 6852 6895 6934 6938 6970 6975 7009 7013 7019 7055 7089 7102 7115 7121 7132 7169 7268 7324 7400 7420 7423 7597 7608 7617 7622 7631 7636 7687 7689 7699 7700 7709 7710 7726 7740 7749 7764 7785 7806 7820 7840 7846 7854 7857 7874 7883 7884 7898 7899 7909 7922 7931 7961 7966 7977 7980 7993 7997 7999 8001 8012 8024 8038 8040 8054 8058 8065 8091 8093 8095 8101 8119 8134 8148 8176 8179 8187 8194 8216 8231 8270 8278 8305 8349 8365 
	}
	buildings_max_level_factor=1.000
        manpower=1
        state_category = town
}
