state={
	id=35
	name="STATE_35"
	provinces={
		123 176 206 221 227 245 351 372 459 598 617 834 885 916 1109 1122 1128 1177 1192 1228 1288 1343 1439 1479 1658 1687 1745 1774 1936 2196 2206 2222 2253 2254 2400 2647 2711 2762 2859 2869 2875 3093 3113 3142 3178 3226 3229 3250 3284 3292 3316 3362 3497 3537 3595 3613 3629 3680 3687 3722 3917 3923 4026 4180 4582 4637 4856 4984 5085 5200 5220 5226 5335 5426 5491 5554 5585 5776 5827 5917 5989 6289 6340 6529 6698 6775 7121 7128 7148 7151 7159 7165 7168 7177 7183 7188 7212 7214 7216 7223 7231 7245 7249 7252 7274 7283 7286 
	}
	buildings_max_level_factor=1.000
        manpower=1
        state_category = town
}
