state={
	id=350
	name="STATE_350"
	provinces={
		1 29 31 56 81 83 88 110 111 163 167 174 199 205 221 243 260 278 283 327 369 375 380 414 454 455 478 487 523 530 531 554 563 597 613 616 617 618 621 631 650 651 662 699 706 712 714 719 739 769 784 816 820 851 868 869 889 893 899 901 906 910 913 918 939 941 945 947 948 966 987 1051 1053 1071 1072 1079 1086 1095 1106 1108 1115 1120 1128 1129 1159 1192 1204 1241 1242 1245 1259 1262 1264 1265 1285 1294 1298 1299 1343 1345 1353 1387 1407 1424 1425 1433 1449 1452 1458 1468 1473 1475 1488 1489 1501 1511 1519 1536 1547 1563 1596 1626 1628 1652 1661 1662 1665 1671 1684 1686 1696 1700 1705 1713 1723 1727 1746 1748 1753 1755 1770 1789 1802 1812 1816 1820 1828 1835 1845 1881 1903 1906 1924 1934 1937 1943 1956 1961 2021 2032 2045 2053 2057 2069 2082 2086 2123 2149 2156 2169 2178 2204 2234 2235 2246 2272 2274 2283 2285 2295 2297 2299 2307 2359 2371 2372 2381 2385 2401 2404 2468 2513 2518 2522 2563 2568 2571 2577 2579 2582 2594 2603 2608 2616 2626 2627 2633 2702 2714 2715 2716 2718 2756 2772 2773 2803 2826 2829 2831 2844 2862 2878 2913 2915 2927 2931 2932 2938 2950 2954 2979 2985 2989 2992 3007 3015 3024 3045 3062 3066 3076 3112 3127 3139 3155 3167 3169 3199 3204 3209 3232 3237 3258 3265 3288 3295 3300 3314 3319 3329 3331 3342 3345 3349 3385 3396 3411 3427 3428 3445 3463 3473 3485 3486 3489 3497 3499 3513 3548 3554 3555 3573 3578 3586 3590 3598 3615 3632 3662 3673 3710 3763 3778 3810 3811 3829 3833 3834 3836 3848 3851 3872 3890 3919 4007 4010 4018 4030 4042 4043 4091 4093 4113 4146 4151 4158 4160 4165 4179 4190 4199 4202 4232 4239 4255 4310 4341 4343 4346 4347 4359 4374 4379 4390 4398 4438 4439 4462 4471 4480 4486 4511 4515 4549 4551 4566 4583 4621 4642 4655 4658 4668 4674 4681 4690 4708 4732 4733 4750 4752 4758 4772 4773 4778 4794 4820 4826 4839 4855 4888 4917 4931 4961 5027 5040 5070 5073 5093 5097 5130 5131 5181 5195 5211 5224 5225 5230 5254 5268 5286 5299 5308 5322 5332 5335 5349 5362 5363 5412 5421 5424 5426 5440 5447 5449 5471 5487 5493 5497 5532 5557 5574 5578 5604 5615 5642 5643 5663 5668 5672 5692 5705 5717 5758 5763 5767 5773 5810 5811 5821 5869 5893 5903 5911 5927 5963 5969 6003 6012 6045 6048 6051 6066 6077 6111 6129 6144 6151 6152 6173 6183 6194 6202 6224 6255 6268 6273 6290 6296 6297 6298 6311 6357 6373 6381 6383 6441 6472 6480 6495 6506 6574 6580 6594 6603 6607 6612 6654 6655 6667 6715 6717 6724 6739 6752 6768 6777 6795 6844 6861 6890 6892 6923 6929 6939 6955 6962 6980 7004 7005 7027 7041 7064 7068 7073 7082 7084 7097 7098 7108 7118 7125 7128 7147 7155 7173 7182 7195 7209 7219 7220 7226 7229 7258 7270 7271 7272 7284 7287 7296 7305 7315 7332 7336 7341 7344 7346 7382 7384 7413 7437 7441 7447 8599 8623 8629 8637 8638 8641 8655 8657 8667 8668 8685 8686 8702 8710 8714 8731 8736 8753 8766 8771 8774 8776 8779 8782 8790 8794 8799 8801 8804 8805 8818 8819 8820 8823 8827 8830 8832 8842 8847 8852 8854 8867 8870 8874 8885 8889 8891 8895 8896 8910 8915 8916 8917 8921 8928 8932 8937 8938 8940 8941 8942 8946 8955 8956 8963 8964 8966 8970 8971 8976 8982 8986 8993 8994 8997 9002 9004 9009 9010 9012 9018 9022 9023 9024 9029 9030 9031 9041 9045 9058 9059 9066 9067 9070 9071 9072 
	}
	buildings_max_level_factor=1.000
        manpower=1
        state_category = town
}
