state={
	id=356
	name="STATE_356"
	provinces={
		950 1176 1464 2539 2761 3194 3584 4145 4155 4266 4323 4663 4981 5067 5069 5174 5217 5310 5430 5458 5539 5703 5876 5889 5963 6005 6540 6562 6639 6881 6882 6956 7062 7063 7265 7289 7369 7381 7410 7430 7611 7692 7705 7728 7768 7821 7892 8021 8119 12672 12681 12695 12702 12725 12732 12741 12750 12761 12762 12777 12778 12779 12787 12799 12800 12822 12823 12824 12825 12833 12843 12851 12852 12857 12865 12866 12899 12900 12901 12906 12911 12920 12935 12946 12947 12956 12957 12970 12981 12995 12996 13010 13020 13029 13030 13031 13039 13052 13053 13054 13061 13073 13074 13077 13089 13096 13097 13108 13109 13113 13121 13129 13134 13135 13144 13145 13146 13167 13172 13176 13177 13204 13208 13209 13213 13231 13232 13247 13253 13254 13277 13281 13282 13294 13295 13301 13308 13309 13314 13323 13328 13329 13330 13337 13341 13344 13361 13362 13367 13376 13383 13396 13405 13414 13415 13426 13436 13437 13438 13465 13469 13473 13490 13498 13508 
	}
	history={
		victory_points = { 13134 5 }
		owner = UKR
		add_core_of = UKR
	}
	buildings_max_level_factor=1.000
        manpower=37551
        state_category = town
}
