state={
	id=357
	name="STATE_357"
	provinces={
		1038 1060 1884 1897 1992 2129 2607 2670 2980 3081 4050 4185 4325 4424 4875 5010 5145 5208 5375 5458 5625 5706 5758 5858 5891 5998 6127 6245 6264 6356 6408 6474 6606 6737 6841 6950 8957 8960 8990 9006 9017 9029 9040 9047 9051 9061 9062 9065 9066 9068 9083 9084 9088 9102 9106 9112 9123 9133 9136 9137 9151 9153 9160 9169 9177 9195 9205 9206 9208 9226 9227 9231 9235 9236 9244 9255 9263 9272 9282 9294 
	}
	buildings_max_level_factor=1.000
        manpower=1
        state_category = town
}
