
state={
	id=36
	name="STATE_36"
	provinces={
		1146 1590 2683 5374 5746 8381 8760 9064 9344 9790 12058 12270 12769 12832 13316 13361 13373 13389 14884 16352 18863 20663 20757 20761 23196 23231 23802 25236 38158 38240 38316 38443 38505 38506 38659 38660 38661 38737 38834 38875 38930 38931 38995 39015 39101 39127 39208 39209 39233 39329 39433 39530 39564 39585 39586 39605 39681 39794 39795 
	}
	history = {
        owner = UKR
	}
	manpower=17751
	buildings_max_level_factor=1.000
	local_supplies=0.000
}
