state={
	id=36
	name="STATE_36"
	provinces={
		54 101 105 197 204 209 231 366 408 559 668 818 922 995 1275 1423 1455 1512 1668 1682 1948 1964 2027 2036 2068 2177 2285 2393 2544 2592 2865 2917 2946 2956 2998 3051 3264 3302 3320 3385 3412 3724 3788 3856 3910 4017 4217 4229 4279 4336 4395 4409 4492 4575 4729 4814 5030 5113 5299 5494 5564 5566 5597 5655 5780 5802 5821 5890 5971 6052 6321 6540 6623 6767 6899 6954 6962 7162 7175 7179 7194 7195 7201 7217 7284 7285 7293 7303 7329 7347 
	}

	history={
		owner = UKR
		add_core_of = UKR
	}

	buildings_max_level_factor=1.000
        manpower=1
        state_category = town
}
