state={
	id=362
	name="STATE_362"
	provinces={
		143 332 402 478 820 1135 1221 1532 1544 1695 1803 2060 2346 2377 2640 2732 2962 3413 3533 3825 3919 4094 4138 4254 4262 4590 4644 4877 5108 5111 5127 5509 6182 6371 6411 6510 6643 6992 7036 7137 7428 7613 7750 7834 8296 8473 8718 9294 9431 9468 9747 9980 9986 10113 10203 10281 10345 10605 11877 12945 13422 13988 14322 14813 15155 15606 17026 17131 17370 17395 17400 17681 19601 20388 20530 24807 26771 26968 27525 27547 27548 27549 27550 27610 27611 27634 27665 27680 27697 27698 27705 27727 27734 27739 27742 27743 27777 27782 27784 27789 27882 27900 27910 27929 27932 
	}
	buildings_max_level_factor=1.000
        manpower=1
        state_category = rural
}
