state={
	id=363
	name="STATE_363"
	provinces={
		89 510 521 534 549 556 607 632 651 659 769 794 931 1110 1220 1225 1259 1291 1349 1365 1369 1395 1559 1788 1844 1947 2226 2408 2503 2519 2782 2899 3017 3246 3292 3313 3318 3374 3655 3801 3829 3852 3859 4152 4177 4271 4538 4905 4942 5045 5118 5571 6025 6033 6042 6239 6298 6305 6407 6507 6595 6816 6860 6955 7134 7504 7598 7678 7915 8030 8205 8459 8684 9199 9240 9311 9660 9988 10184 10230 10449 10456 10525 10531 10681 10770 11098 11145 11154 11534 11566 11628 11644 11842 11876 11932 12245 12562 12642 12657 12664 12724 13010 13487 13672 13748 13804 14054 14199 14343 14656 14939 15148 15201 15705 16284 16420 16640 16703 17189 17193 17863 18250 18254 18403 18508 19564 19764 20498 20600 20601 20850 21541 22291 22404 22420 22966 22985 23281 23454 23517 23753 23816 24049 24207 24850 24960 25130 25775 25958 26711 27659 27719 27755 27808 27819 27821 27829 27840 27856 27866 27883 27891 27892 27911 27922 27930 27951 27956 27976 27979 27982 27993 27996 28005 28014 28022 28033 28037 28040 28054 28067 28087 28103 28123 28128 28157 28176 28207 28222 28265 28273 28297 28331 28339 28356 28386 28389 28417 28448 28451 28509 28521 28527 28554 28600 28612 28660 28680 28694 28731 28740 28741 28816 28826 28862 28980 
	}
	history = {
		owner = POL
		
		buildings = {
		}
		
		add_core_of = POL
	}
	buildings_max_level_factor=1.000
        manpower=1
        state_category = rural
}
