state={
	id=364
	name="STATE_364"
	provinces={
		93 295 491 547 550 689 696 806 939 1281 1376 1638 1677 1694 1713 1756 1917 2070 2100 2262 2402 2486 2509 2536 2811 2848 2921 3000 3056 3096 3153 3289 3325 3483 3715 3759 3965 3971 4097 4109 4270 4476 4743 4799 4906 4911 4926 4935 5084 5784 5795 6080 6089 6101 6314 6598 6715 6795 7159 7175 7640 7864 7869 7957 8012 8092 8277 8294 8346 8367 8515 8528 8533 8547 8552 9014 9046 9101 9200 9230 9521 9709 9810 9843 10004 10132 10179 10294 10299 10501 10688 10826 10850 10886 10943 11028 11111 11132 11294 11305 11313 11365 11520 11863 12074 12663 12772 13566 13689 13690 13717 13755 13862 13925 13936 14102 14145 14215 14277 14549 14678 15110 15127 15261 15411 15894 15914 16017 16300 17061 17554 17603 18154 18284 18376 18715 18970 19343 20009 20077 20079 20104 20205 20241 20246 20253 20377 21504 21748 21788 21919 22390 22723 22750 22892 22906 22935 23130 23674 23927 24011 24119 24213 24448 24597 24738 24816 25117 25158 25215 25216 25881 26211 26603 26741 27928 27966 28013 28051 28065 28115 28137 28172 28199 28200 28217 28226 28245 28286 28289 28305 28319 28329 28341 28345 28346 28363 28372 28387 28391 28404 28408 28412 28456 28459 28471 28477 28512 28524 28544 28555 28564 28572 28581 28587 28597 28623 28632 28636 28637 28643 28653 28656 28674 28690 28691 28700 28702 28711 28720 28724 28734 28758 28765 28793 28813 28814 28837 28843 28858 28870 28880 28883 28899 28925 28955 28969 28978 28990 28995 29009 29010 29059 29117 29132 29142 29153 
	}
		
	history = {
		owner = RUS
		
		buildings = {
		}
		
		add_core_of = RUS
	}
    
	buildings_max_level_factor=1.000
        manpower=1
        state_category = rural
}
