state={
	id=365
	name="STATE_365"
	provinces={
		211 422 458 494 761 1302 1649 2138 2414 2691 2692 3948 4314 4540 4756 4853 5101 5244 5247 5785 6165 6694 7384 7408 7877 8765 8856 8999 9202 9536 9888 9996 11022 11087 12768 12894 13142 13336 15643 16463 16716 19202 20672 21890 22478 24484 24680 25404 25461 25722 26874 28017 28104 28119 28249 28282 28283 28370 28414 28424 28689 28725 28881 28888 28913 28996 29027 29061 29094 29108 29147 29157 29185 29263 29265 29416 
	}
	history = {
		owner = POL
		
		buildings = {
		}
		
		add_core_of = POL
	}
	buildings_max_level_factor=1.000
        manpower=1
        state_category = rural
}
