state={
	id=366
	name="STATE_366"
	provinces={
		102 420 557 587 605 747 830 992 1049 1098 1149 1283 1417 1492 1505 1718 1761 1766 1882 2052 2076 2176 2238 2320 2522 2523 2575 2619 2687 2694 2931 3240 3253 3399 3530 3709 3769 4068 4133 4160 4173 4287 4299 4617 4794 4923 4929 5221 5305 5372 5412 5685 5781 5877 6028 6083 6247 6265 6308 6336 6374 6401 6403 6518 6539 6602 6633 6727 6790 6907 6925 6947 7085 7116 7277 7596 7652 7865 7913 7988 8034 8122 8415 8505 8527 8580 8583 8663 8948 8959 9006 9102 9646 9659 9813 9882 10013 10133 10439 10538 10630 10638 10879 11002 11259 11387 11745 12208 12532 12538 12767 12804 12994 13023 13040 13088 13121 13148 13190 13459 13663 13803 14278 14283 14456 14504 14585 14660 14758 15025 15083 15167 15240 15326 16577 16674 16855 16911 17165 17186 17225 17273 17280 17629 17631 17650 18232 18383 18779 18880 18992 19046 19247 19329 19508 19525 19667 20176 20197 20313 20392 20889 20919 21022 21458 21593 21688 21920 22162 22467 22888 23280 23576 24118 24349 24521 25275 25591 26311 26666 27144 27414 27617 27729 27772 27812 27844 27847 27848 27863 27870 27919 27920 27959 27964 27971 28046 28049 28060 28066 28072 28082 28113 28122 28131 28139 28147 28151 28163 28165 28175 28188 28195 28237 28242 28246 28247 28278 28291 28311 28327 28335 28337 28338 28366 28384 28423 28430 28444 28445 28446 28447 28474 28478 28481 28488 28491 28497 28498 28505 28506 28525 28550 28553 28557 28560 28605 28606 28607 28617 28618 28620 28621 28646 28736 
	}
		
	history = {
		owner = RUS
		
		buildings = {
		}
		
		add_core_of = RUS
	}
    
	buildings_max_level_factor=1.000
        manpower=1
        state_category = rural
}
