state={
	id=367
	name="STATE_367"
	provinces={
		430 608 647 751 822 836 1017 1042 1153 1274 1294 1942 2135 2395 2500 2578 2688 2902 3014 3486 3521 3778 3861 4162 4235 4388 4394 4472 4510 4554 4777 4995 5025 5056 5086 5702 6228 6572 6714 6830 6878 7012 7038 7223 7609 7666 7729 7866 8066 8570 8857 8992 9147 9168 9368 9476 9731 9764 10569 11159 11426 11441 11662 11766 11915 12066 12203 12243 12260 12588 13807 14237 14289 14334 14370 14532 14607 14650 14693 15561 15790 16182 16494 16578 16583 17528 17756 18209 18981 19426 19795 19996 20041 20459 20532 20943 21346 21934 22038 22784 22854 23160 23237 23592 23659 24167 25508 26436 26470 26573 26755 26831 27147 27968 28011 28032 28073 28112 28160 28177 28211 28219 28248 28276 28287 28362 28419 28431 28465 28472 28508 28526 28538 28561 28583 28645 28662 28745 28766 28803 28831 28902 28937 28949 28962 29013 29045 29051 29052 29088 29119 29206 29207 29314 29349 29400 29424 
	}
	buildings_max_level_factor=1.000
        manpower=1
        state_category = rural
}
