state={
	id=368
	name="STATE_368"
	provinces={
		11 401 1082 1206 1441 1693 2658 2697 3024 3532 3991 4572 5984 6108 6264 6512 7763 7792 8107 8894 9050 9727 9865 10508 10601 11195 11654 13028 13708 13779 14872 15831 16536 17610 20391 20581 21366 21842 22010 22329 24592 26422 26580 28671 28713 28735 28753 28774 28802 28825 28847 28865 28874 28886 28952 28960 28985 29006 29018 29026 29044 29105 29124 29170 29197 29201 29241 29313 29347 29348 29369 29399 29556 
	}
	buildings_max_level_factor=1.000
        manpower=1
        state_category = rural
}
