state={
	id=369
	name="STATE_369"
	provinces={
		30 323 465 664 674 731 895 935 961 1151 1161 1169 1180 1234 1354 1499 1507 1512 1527 1617 1675 1812 1847 1859 1896 1943 1980 2003 2029 2037 2062 2107 2122 2141 2260 2267 2413 2460 2484 2518 2748 2807 2816 2887 3125 3233 3352 3385 3568 3649 3757 3785 3827 3916 3926 3936 4113 4322 4365 4452 4499 4541 4645 4678 4759 4973 4998 5069 5073 5151 5193 5204 5229 5276 5282 5341 5350 5464 5510 5593 5626 5667 5787 5974 6160 6211 6231 6395 6482 6522 6564 6674 6741 6744 6745 6779 6864 6983 7022 7169 7216 7252 7373 7417 7445 7507 7526 7606 7633 7695 7888 7900 7919 8171 8219 8229 8234 8274 8345 8438 8445 8453 8546 8554 8559 8612 8633 8648 8676 8730 8858 8878 8916 9095 9175 9223 9290 9394 9425 9680 9738 9983 9985 10010 10049 10053 10110 10372 10545 10631 10665 10699 10801 10824 10882 10992 11001 11037 11094 11298 11334 11372 11393 11540 11698 11733 11835 11891 11969 12022 12190 12317 12435 12459 12614 12708 12746 12869 12876 13171 13237 13245 13381 13382 13473 13493 13736 13746 13918 14026 14121 14152 14195 14316 14333 14453 14466 14493 14542 14695 14717 14725 14733 14749 14759 14794 14845 15182 15579 15813 15970 15980 16150 16188 16203 16290 16301 16309 16723 16744 16806 16947 16952 16983 17005 17012 17060 17101 17130 17312 17343 17458 17473 17729 17777 17807 17997 18007 18118 18225 18359 18442 18507 18748 18764 18769 18809 18935 18989 19116 19139 19159 19248 19396 19636 19976 19980 19986 20019 20152 20242 20314 20396 20442 20502 20509 20620 20684 20711 20848 21005 21047 21254 21445 21461 21467 21616 21729 21766 21837 21915 21917 22029 22111 22130 22194 22277 22365 22543 22988 23119 23239 23252 23358 23490 23503 23661 23672 23922 23955 24003 24010 24025 24044 24124 24198 24298 24326 24353 24429 24617 24804 24968 25416 25674 25683 25873 26010 26058 26199 26266 26623 26651 26850 27464 27490 27532 27921 27984 27994 28025 28035 28036 28100 28102 28127 28138 28155 28156 28166 28174 28186 28191 28213 28228 28250 28251 28257 28260 28269 28275 28295 28302 28306 28322 28326 28330 28334 28360 28361 28365 28369 28373 28383 28388 28392 28398 28405 28406 28411 28413 28416 28428 28434 28443 28450 28457 28460 28461 28480 28486 28504 28515 28519 28520 28530 28541 28552 28570 28575 28582 28588 28593 28599 28604 28611 28625 28631 28633 28640 28649 28659 28675 28676 28684 28688 28693 28704 28712 28718 28721 28730 28748 28760 28769 28810 28846 28871 28892 28922 28931 28936 28944 28945 28973 28974 28991 29011 29012 29016 29017 29047 29056 29069 29074 29085 29086 29091 29092 29103 29104 29118 29133 29181 29189 29196 29205 29240 29256 29260 29282 29288 29294 29295 29311 29312 29339 29340 29368 29380 29386 29398 29407 29423 29429 29478 29491 29492 29525 29527 29562 29563 29578 29594 29613 29619 29620 29630 29631 29636 29674 29682 29700 29715 29716 29717 29743 29744 29788 29820 29878 
	}
		
	history = {
		owner = RUS
		
		buildings = {
		}
		
		add_core_of = RUS
	}
    
	buildings_max_level_factor=1.000
        manpower=1
        state_category = rural
}
