
state={
	id=37
	name="STATE_37"
	provinces={
		55 2027 2065 2583 5451 7502 7843 8688 9512 12115 12617 14211 15995 16164 16482 17291 19260 19327 19707 20579 22062 23545 24245 25369 25978 26833 26869 26967 44746 44914 44948 44983 45008 45155 45280 45307 45320 45345 45399 45443 45463 45528 45554 45575 45726 45803 45911 45923 45952 45953 45977 46085 46098 46099 46113 46114 46245 46273 
	}
	history = {
        owner = UKR
		add_core_of = UKR

	}

	state_category=town
	manpower=17751
	buildings_max_level_factor=1.000
	local_supplies=0.000
}
