state={
	id=370
	name="STATE_370"
	provinces={
		665 926 1872 2225 3425 3555 3572 3960 3990 4329 4515 4707 5040 5241 5419 5905 6972 6980 7246 7361 7917 8199 8631 9262 9528 9720 10074 10528 10811 11023 11149 11542 11701 11810 12038 12179 12494 14166 14320 14423 14557 16199 16874 17058 17114 17503 17875 17927 19390 19770 19977 20514 21016 21097 21288 21348 21373 22676 22742 22945 23568 24553 25705 26443 27023 27246 28979 28992 28993 29019 29040 29070 29071 29087 29093 29125 29154 29171 29182 29190 29198 29261 29296 29297 29303 29327 29335 29358 29359 29365 29451 29452 29462 29483 29500 29501 29568 29596 29633 29663 29675 29785 29831 29887 29952 30041 
	}
		
	history = {
		owner = RUS
		
		buildings = {
		}
		
		add_core_of = RUS
	}
    
	buildings_max_level_factor=1.000
        manpower=1
        state_category = rural
}
