state={
	id=371
	name="STATE_371"
	provinces={
		240 349 532 544 759 872 901 1081 1177 1613 1720 1836 2205 2461 2950 3312 3651 3774 3820 4427 4500 5339 5416 5672 6415 6525 6802 7286 7367 7455 7632 7663 7675 7969 8263 8268 8332 8689 8696 9064 9889 10487 10731 10772 11006 11133 11781 12128 12137 13406 13534 13792 14172 14508 15731 15974 16086 16097 16271 16741 16833 17243 17990 18252 18341 18411 18606 18670 18699 18775 19083 19262 19696 19702 20046 20490 20612 21169 21546 21589 21773 22250 22389 23086 24069 24113 24149 24634 24690 25103 25210 25423 25548 25611 25800 25903 26144 26234 26372 26627 27065 27348 29286 29298 29345 29414 29440 29460 29461 29474 29505 29629 29645 29661 29698 29742 29767 29804 29825 29835 29851 29855 29898 29904 29917 29927 29935 29974 30032 30033 30071 30072 30099 30103 30115 30135 30161 30181 30231 30254 30255 30279 30316 30325 30326 30337 30351 30380 30391 30443 30452 30486 30502 30503 30540 30541 30555 30596 30597 30603 30641 30696 30726 30736 30800 30831 30842 30911 30937 30946 30977 31014 31197 31249 31297 31313 31314 31354 31373 31381 31437 31438 31548 31571 31682 32107 
	}
		
	history = {
		owner = RUS
		
		buildings = {
		}
		
		add_core_of = RUS
	}
    
	buildings_max_level_factor=1.000
        manpower=1
        state_category = rural
}
