state={
	id=372
	name="STATE_372"
	provinces={
		58 92 128 602 870 1541 1562 1669 1692 1776 1783 1891 1914 1953 2233 2305 2429 2444 2926 3211 3290 3560 3621 3744 3843 3882 3957 3982 4041 4295 4592 5064 5134 5399 5612 5679 5837 6107 6310 6609 6676 6713 6785 7144 7346 7443 7460 7467 7471 7892 8144 8757 8922 8927 8961 9061 9241 9332 9335 9378 9386 9605 9904 10086 10709 10766 10880 11178 11341 11346 11649 11704 11777 12278 12407 12578 12611 12655 12857 12893 12979 13044 13182 13403 13440 13584 13626 13696 13701 13711 13798 13891 13981 14014 14090 14214 14294 14317 14400 14413 14587 14690 15060 15071 15147 15181 15400 15466 15518 15654 16280 16677 16738 16801 16984 17000 17226 17240 17620 17828 18023 18093 18256 18340 18372 18384 18638 18757 18858 19409 19438 19514 19700 20057 20112 20430 20619 20678 20789 20856 20870 21020 21388 21557 21565 21739 22476 22555 22790 22921 22951 23028 23363 23433 23441 23577 23679 23709 23749 23812 24015 24060 24195 24222 24355 24379 24654 24694 24762 24790 24918 24935 25022 25126 25879 25944 26089 26278 26488 26700 26892 27140 27276 27325 27533 29580 29607 29676 29746 29777 29792 29827 29848 29865 29896 29931 29932 29941 29990 30007 30020 30036 30037 30095 30139 30152 30169 30173 30187 30226 30227 30237 30251 30264 30273 30284 30289 30303 30312 30332 30350 30376 30396 30403 30420 30438 30458 30467 30513 30522 30527 30533 30534 30567 30568 30580 30609 30610 30624 30647 30655 30656 30668 30678 30687 30692 30755 30756 30757 30772 30773 30805 30820 30821 30835 30836 30871 30872 30885 30898 30899 30900 30954 31005 31031 31044 31060 31079 31103 31112 31123 31135 31157 31164 31179 31204 31217 31222 31242 31243 31258 31263 31277 31307 31320 31347 31367 31377 31378 31423 31424 31467 31480 31481 31491 31492 31505 31523 31563 31564 31574 31581 31604 31605 31639 31653 31704 31721 31722 31738 31764 31827 31828 31829 31830 31845 31907 31918 31919 31930 31969 31982 32054 32055 32088 32098 32113 32167 32183 32199 32241 32270 32271 32334 32343 32344 32423 32437 32459 32520 32532 32610 32629 32657 32715 32757 32932 33083 
	}
	history = {
		owner = UKR
		
		buildings = {
		}
		
		add_core_of = UKR
	}
	buildings_max_level_factor=1.000
        manpower=1
        state_category = rural
}
