state={
	id=373
	name="STATE_373"
	provinces={
		113 131 139 266 399 456 1076 1156 1172 1187 2171 2237 2321 2905 3047 3380 3424 3448 3573 3918 3934 4366 4367 4667 4690 4797 5035 5371 5432 5767 5832 5847 5911 6291 6292 6319 6351 6457 6515 6530 6560 6579 6711 6740 6781 7008 7094 7150 7385 7486 8073 8078 8142 8340 8391 8838 9012 9448 9822 9840 10229 10302 10809 10871 10923 10951 11120 11124 11391 11392 11500 11617 11977 12154 12252 12517 12592 12690 12856 12877 12881 12897 12983 13032 13111 13211 13417 13438 13450 13453 13512 13898 14279 14292 14313 14624 14702 14763 14857 14966 15471 15910 15925 16230 17256 17281 17318 17328 17401 17545 17617 17633 17744 17975 18177 18418 18765 18853 18988 19217 19379 19938 20202 20274 20285 20339 20411 20658 21185 21425 21553 21848 21933 22223 22253 22263 22319 22396 22799 23036 23700 23729 23757 23873 23942 23976 24024 24087 24178 24406 24546 24620 24638 24657 24910 24972 25002 25316 25332 25464 25519 25610 26097 26194 26353 26472 26477 26710 26714 26759 26829 27271 29144 29226 29300 29321 29353 29364 29437 29441 29482 29507 29518 29534 29595 29604 29632 29637 29694 29732 29754 29761 29768 29769 29775 29784 29794 29812 29826 29830 29836 29879 29893 29918 29936 29951 29966 29986 29987 29994 30005 30025 30049 30058 30059 30073 30083 30092 30101 30104 30105 30106 30136 30162 30163 30164 30172 30185 30235 30236 30241 30247 30256 30257 30288 30311 30339 30347 30355 30356 30394 30419 30469 30477 30488 30496 30506 30510 30511 30556 30573 30586 30606 30653 30663 30664 30685 30689 30737 30749 30762 30763 30784 30817 30863 30880 30912 30923 30964 30989 30990 31000 31001 31002 31015 31041 31056 31098 31099 31145 31175 31189 31253 31292 31293 31315 31356 31375 31404 31455 31488 
	}
		
	history = {
		owner = RUS
		
		buildings = {
		}
		
		add_core_of = RUS
	}
    
	buildings_max_level_factor=1.000
        manpower=1
        state_category = rural
}
