state={
	id=374
	name="STATE_374"
	provinces={
		23 184 193 237 487 588 968 1034 1048 1586 1690 1904 2129 2256 3117 3209 3506 3980 4268 4269 4512 4584 5000 5008 5107 5114 5128 5545 5673 5743 6491 6768 6788 6919 7208 7397 7437 7520 7549 7748 8228 8350 9492 9635 9676 9734 9890 9895 10104 10256 10266 10274 10396 11068 11544 11596 11769 12406 12821 13004 13027 13278 13330 13409 14010 14332 14632 14792 14874 14949 15055 15369 15568 16144 16632 16971 16989 17262 17427 17943 17987 18186 18496 18886 19040 19152 19210 19541 19872 19991 20043 20055 20125 20281 20282 20483 20585 20747 21401 21432 21494 21609 21702 22264 22402 23020 24238 24444 24549 24913 26116 26502 26669 26705 29390 29406 29411 29445 29449 29499 29524 29602 29603 29612 29635 29662 29681 29699 29713 29714 29730 29782 29783 29816 29856 29863 29892 29912 29923 29928 29929 29948 29949 29957 30000 30001 30024 30034 30057 30081 30082 30116 30182 30192 30209 30210 30232 30270 30308 30352 30353 30354 30386 30401 30463 30542 30584 30617 30618 30619 30630 30683 30709 30710 30727 30747 30782 30789 30843 30869 30877 30893 30938 30947 30948 30978 30995 30996 31052 31053 31095 31096 31127 31155 31186 31198 31231 31341 31355 31462 31526 
	}
		
	history = {
		owner = RUS
		
		buildings = {
		}
		
		add_core_of = RUS
	}
    
	buildings_max_level_factor=1.000
        manpower=1
        state_category = rural
}
