state={
	id=375
	name="STATE_375"
	provinces={
		2407 4378 4519 4807 5484 5495 5810 6106 6343 6366 7231 7268 7741 7818 7906 13078 13085 13092 13098 13101 13114 13115 13123 13130 13131 13141 13151 13152 13159 13161 13169 13179 13180 13186 13192 13199 13205 13206 13210 13219 13220 13221 13222 13227 13242 13250 13257 13260 13264 13271 13272 13283 13284 13290 13291 13302 13303 13317 13318 13324 13325 13334 13346 13348 13353 13354 
	}
	history={
		owner = UKR
		add_core_of = UKR
	}
	buildings_max_level_factor=1.000
        manpower=1
        state_category = town
}
