state={
	id=376
	name="STATE_376"
	provinces={
		4 60 82 280 335 345 393 405 440 552 568 583 637 644 684 913 967 1052 1059 1199 1345 1357 1385 1522 1557 1595 1606 1683 1802 1822 1866 1871 1876 1885 2016 2149 2219 2378 2401 2505 2517 2544 2574 2606 2642 2648 2666 2689 2710 2714 2797 2894 2969 3040 3042 3118 3262 3266 3293 3587 3594 3663 3677 3696 3767 3862 3890 3912 3959 3969 4038 4130 4171 4312 4364 4376 4420 4571 4594 4607 4638 4680 4740 4773 5011 5050 5103 5227 5237 5240 5246 5249 5315 5461 5514 5535 5576 5690 5706 5709 5756 5775 5801 5809 5825 5859 5981 6047 6061 6073 6111 6135 6194 6215 6224 6355 6419 6421 6521 6548 6649 6684 6701 6858 6997 7056 7070 7090 7280 7301 7310 7407 7502 7530 7532 7543 7554 7570 7588 7601 7616 7712 7731 7765 7812 7816 7961 8239 8257 8310 8328 8331 8404 8530 8548 8657 8697 8706 8769 8793 8816 8831 8882 8893 8979 8984 9008 9034 9079 9129 9130 9229 9379 9381 9472 9488 9501 9550 9586 9599 9760 9824 10016 10034 10055 10071 10160 10169 10282 10331 10371 10386 10426 10457 10461 10522 10529 10552 10557 10559 10574 10671 10753 10760 10796 10843 10973 10988 11052 11112 11207 11238 11248 11422 11436 11519 11528 11561 11575 11756 11831 11855 11941 12007 12046 12054 12089 12093 12117 12184 12194 12239 12269 12287 12319 12327 12328 12392 12415 12509 12525 12574 12686 12697 12761 12779 12784 12829 12860 12866 12932 12946 13066 13067 13084 13347 13414 13488 13494 13500 13575 13587 13603 13641 13667 13680 13758 13846 13896 13916 14021 14120 14135 14143 14164 14197 14198 14254 14411 14444 14519 14640 14646 14701 14715 14870 14917 14923 14940 14981 15015 15056 15072 15150 15185 15271 15307 15309 15341 15380 15395 15399 15626 15655 15721 15743 15772 15777 15800 15808 15825 15846 15991 16054 16057 16075 16090 16202 16325 16367 16389 16488 16502 16506 16510 16576 16589 16621 16696 16757 16802 16823 16906 16914 16932 16996 17028 17041 17108 17207 17308 17311 17317 17432 17461 17480 17588 17788 17860 17878 17904 17947 18114 18115 18143 18241 18298 18409 18550 18579 18581 18610 18679 18729 18751 18818 18980 18984 19165 19304 19321 19354 19374 19446 19543 19613 19927 19929 19982 20035 20102 20175 20183 20219 20280 20497 20513 20526 20549 20567 20611 20623 20635 20691 20705 20706 20766 20785 20854 20966 20968 20970 21017 21034 21095 21133 21224 21233 21234 21294 21351 21356 21362 21394 21439 21477 21583 21602 21613 21623 21633 21662 21697 21728 21765 21882 21883 21923 21936 21956 21999 22000 22020 22075 22087 22203 22259 22270 22312 22429 22503 22815 22846 22864 22878 22914 22939 22996 22999 23131 23159 23197 23277 23361 23396 23417 23458 23462 23654 23698 23751 23905 23920 23929 23944 23959 24212 24252 24306 24383 24415 24535 24579 24683 24705 24718 24721 24726 24732 24796 24862 25021 25075 25110 25123 25140 25145 25164 25173 25182 25290 25304 25342 25393 25395 25408 25446 25659 25733 25763 25832 25838 25940 25961 26023 26024 26121 26139 26140 26141 26163 26169 26197 26270 26330 26430 26496 26561 26587 26649 26717 26768 26772 26889 27010 27017 27109 27125 27129 27269 27374 27475 29067 29136 29152 29168 29193 29214 29223 29236 29237 29252 29276 29278 29309 29310 29317 29318 29341 29342 29355 29367 29388 29392 29396 29397 29419 29420 29426 29433 29456 29457 29466 29467 29471 29480 29504 29521 29522 29526 29531 29538 29539 29540 29546 29553 29559 29584 29585 29586 29600 29627 29640 29656 29689 29705 29706 29707 29720 29721 29722 29728 29749 29750 29756 29797 29798 29799 29801 29802 29811 29823 29834 29845 29854 29869 29883 29897 29914 29919 29938 29943 29944 29961 29962 29963 29968 29969 29979 29996 30008 30029 30039 30046 30053 30054 30055 30063 30064 30065 30076 30077 30089 30096 30102 30111 30132 30142 30143 30156 30157 30177 30178 30179 30180 30189 30190 30204 30215 30219 30220 30266 30275 30282 30286 30304 30313 30314 30321 30346 30362 30372 30378 30388 30398 30407 30431 30432 30448 30460 30476 30481 30482 30514 30515 30523 30536 30561 30570 30571 30588 30593 30594 30611 30626 30637 30648 30649 30671 30672 30680 30681 30694 30707 30732 30733 30758 30759 30797 30806 30813 30822 30850 30867 30873 30874 30888 30889 30903 30904 30905 30921 30928 30956 30957 30958 30961 30982 30983 30984 31007 31008 31037 31038 31069 31070 31071 31082 31090 31091 31124 31139 31140 31149 31150 31151 31159 31183 31205 31218 31226 31227 31244 31245 31246 31260 31267 31268 31279 31309 31310 31336 31350 31351 31369 31370 31379 31384 31394 31395 31409 31410 31416 31428 31435 31447 31458 31459 31460 31469 31509 31510 31511 31525 31537 31538 31539 31547 31553 31569 31584 31598 31607 31629 31630 31643 31644 31655 31656 31664 31692 31693 31705 31712 31729 31739 31740 31754 31777 31778 31797 31798 31808 31833 31834 31848 31849 31850 31864 31865 31893 31897 31898 31909 31910 31921 31933 31934 31956 31985 31986 32004 32014 32015 32037 32046 32058 32067 32068 32069 32078 32090 32091 32101 32102 32103 32119 32144 32145 32184 32185 32186 32187 32188 32217 32218 32232 32233 32234 32244 32255 32273 32274 32289 32306 32347 32348 32349 32350 32351 32352 32353 32384 32385 32397 32398 32399 32426 32462 32463 32479 32480 32494 32495 32523 32546 32547 32548 32558 32559 32571 32614 32631 32632 32633 32634 32647 32682 32702 32703 32729 32748 32760 32778 32779 32786 32787 32788 32802 32835 32846 32847 32862 32876 32877 32894 32910 32928 32935 32947 32948 32974 33004 33035 33050 33051 33098 33099 33114 33115 33132 33133 33134 33192 33213 33223 33224 33239 33240 33251 33252 33253 33264 33288 33289 33290 33319 33343 33358 33359 33373 33374 33397 33406 33408 33431 33432 33471 33487 33501 33513 33515 33558 33559 33568 33569 33597 33651 33652 33694 33695 33705 33706 33722 33737 33786 33803 33838 33855 33882 33909 33923 33936 33992 34015 34044 34060 34118 34153 34154 34217 34311 
	}
	history = {
		owner = UKR
		
		buildings = {
		}
		
		add_core_of = UKR
	}
	buildings_max_level_factor=1.000
        manpower=1
        state_category = rural
}
