state={
	id=377
	name="STATE_377"
	provinces={
		566 887 1245 1651 2202 2389 2595 2776 3523 3719 4458 4558 4679 4744 4866 5055 5245 5358 5429 5556 6110 6204 6842 6884 7563 7565 7896 7946 7951 8383 8414 8492 8934 8937 9520 9557 9596 9706 9772 9862 10341 10359 10448 10769 11664 11938 11972 12513 14031 14564 15529 15956 16390 16562 16580 17177 17598 18145 18323 18621 19211 19338 19627 20725 20961 21137 21683 21851 21868 22419 22587 22606 23472 23534 23836 24132 24440 24538 24912 25175 25355 25367 25386 25534 25544 26057 26373 27038 27371 29215 29242 29289 29360 29370 29430 29446 29463 29519 29621 29664 29701 29733 29770 29807 29880 29888 30011 30026 30093 30137 30138 30186 30258 30281 30329 30340 30357 30365 30425 30470 30517 30518 30519 30526 30574 30631 30698 30711 30803 30825 30864 30881 30894 30913 30914 30960 31016 31027 31119 31120 31130 31131 
	}
	buildings_max_level_factor=1.000
        manpower=1
        state_category = rural
}
