state={
	id=378
	name="STATE_378"
	provinces={
		152 578 1124 1157 2022 2190 2451 2628 2706 3161 3212 3470 4750 4953 5047 5353 6630 6861 7625 7657 7800 7937 7978 8117 8377 8987 9636 11714 11770 11961 12576 14573 14803 14853 15456 15564 16026 17103 17342 17479 17723 17727 17793 18278 18477 18563 19563 19966 20005 20290 20420 21089 21219 21369 21457 21632 22043 23220 23965 24528 24767 24836 25102 25550 26192 26847 26888 26969 27040 29615 29815 29874 29875 29959 30044 30061 30087 30121 30129 30195 30196 30197 30203 30242 30260 30301 30302 30319 30330 30344 30348 30349 30367 30368 30402 30411 30412 30446 30457 30521 30549 30558 30559 30587 30608 30621 30632 30666 30690 30701 30702 30713 30750 30765 30786 30795 30804 30818 30847 30848 30865 30917 30942 30943 30970 30980 31004 31035 31059 31075 31122 31191 31215 31256 31434 31501 31520 31592 
	}
	buildings_max_level_factor=1.000
        manpower=1
        state_category = rural
}
