state={
	id=379
	name="STATE_379"
	provinces={
		1 15 50 303 970 1064 1096 1129 1239 1481 1827 2099 2212 2359 2364 2403 2407 2426 2538 2579 2583 2891 2954 3009 3018 3085 3146 3204 3297 3403 3433 3489 3589 3700 3847 4074 4442 4588 4828 4869 4931 5125 5144 5200 5295 5357 5792 6011 6012 6287 6366 6373 6578 6640 6813 6824 6832 6853 6975 7147 7412 7430 7458 7493 7567 7583 7840 7891 8029 8290 8322 8339 8483 8571 8669 8688 8795 8962 8988 9065 9218 9377 9413 9573 9671 9798 9808 9837 9856 9917 9934 10174 10319 10339 10360 10555 10918 11013 11108 11308 11435 11548 11579 11665 11874 11881 12040 12160 12271 12519 12954 13089 13200 13203 13342 13415 13460 13593 13682 13714 13750 13815 13817 13823 14075 14127 14155 14342 14598 14673 14709 14720 14764 14830 14866 14918 14925 15100 15160 15335 15547 15598 15742 15855 15860 15862 15906 16164 16175 16187 16212 16240 16283 16333 16523 16762 16904 17008 17154 17339 17369 17391 17418 17760 17818 18029 18038 18078 18150 18283 18285 18618 18664 18691 18823 18825 19090 19242 19320 19467 19549 19626 19676 19740 19752 19923 19992 20030 20070 20263 20458 20799 20939 21026 21113 21387 21520 21649 21990 22088 22279 22288 22347 22355 22394 22493 22866 22916 22992 23077 23121 23334 23724 23799 23826 24100 24309 24459 24789 24902 25018 25207 25301 25327 25466 25732 25758 26188 26288 26404 26416 26668 26681 26683 26778 27230 27476 27518 29212 29229 29280 29356 29385 29405 29434 29454 29476 29498 29515 29523 29561 29592 29610 29641 29642 29652 29658 29659 29668 29669 29690 29697 29723 29729 29758 29771 29772 29803 29828 29846 29884 29891 29903 29908 29909 29915 29934 29945 29971 29980 29981 29992 29997 30015 30016 30031 30047 30067 30078 30079 30090 30091 30097 30098 30125 30126 30144 30145 30146 30158 30159 30206 30207 30243 30253 30267 30287 30291 30295 30296 30307 30324 30334 30335 30363 30364 30379 30384 30399 30400 30416 30433 30441 30449 30450 30461 30483 30484 30485 30494 30508 30524 30537 30538 30550 30551 30552 30553 30582 30595 30602 30612 30627 30628 30629 30638 30639 30651 30659 30660 30695 30722 30723 30724 30735 30744 30745 30768 30778 30779 30780 30807 30808 30809 30815 30823 30830 30840 30859 30868 30875 30890 30891 30892 30906 30907 30908 30935 30936 30974 30975 30985 31009 31010 31011 31012 31021 31022 31050 31063 31072 31084 31085 31092 31141 31153 31154 31170 31184 31185 31193 31194 31195 31206 31219 31229 31247 31272 31273 31281 31288 31312 31326 31327 31338 31339 31362 31363 31372 31399 31417 31436 31484 31494 31495 31513 31555 31576 31631 31706 31741 31742 31790 31810 31879 31989 
	}
	buildings_max_level_factor=1.000
        manpower=1
        state_category = rural
}
