
state={
	id=38
	name="STATE_38"
	provinces={
		1259 2304 4064 6185 7274 7454 8387 9988 11557 12613 14408 14933 16160 16427 18011 18036 19181 19445 20269 20651 21878 21967 22360 22494 22720 22889 23081 25178 25783 26683 42189 42190 42344 42395 42501 42545 42593 42673 42674 42675 42676 42748 42795 42796 42797 42798 42846 42847 42920 42947 42948 42991 43052 43149 43194 43216 43249 43268 43269 43325 43379 43397 43590 43627 43925 
	}
	history = {
        owner = UKR
		add_core_of = UKR
		
	}

	state_category=town
	manpower=9581
	buildings_max_level_factor=1.000
	local_supplies=0.000
}
