state={
	id=38
	name="STATE_38"
	provinces={
		2639 3100 4625 5686 5990 6478 7536 9312 11705 12189 12566 12634 13141 13564 16573 17699 19136 19437 19732 20680 21342 22509 23759 23947 24407 25667 25701 25995 26095 26279 33304 33395 33396 33447 33470 33557 33616 33666 33667 33721 33880 33891 33921 33979 34026 34075 34149 34150 34185 34186 34215 34305 34306 34307 34350 34477 34478 34657 34674 34675 34731 34863 34864 
	}
	history = {
		owner = UKR
		
		buildings = {
		}
		
		add_core_of = UKR
	}
	buildings_max_level_factor=1.000
        manpower=1
        state_category = rural
}
