state={
	id=380
	name="STATE_380"
	provinces={
		96 498 1404 3157 3306 3536 4049 4495 4511 4699 5658 5757 5903 5967 6923 6953 7149 7580 7605 7715 8211 8477 8585 8848 8953 9232 9502 9656 10105 10170 10502 10667 10716 10930 10940 11205 11343 11532 11620 12227 12254 12273 12298 12312 12393 12441 12598 12834 13007 13068 13287 13299 13782 13813 14138 14163 14393 14414 14429 15026 15135 15549 15989 16210 16399 16452 16993 17074 17184 17355 17678 18105 18139 18162 18208 18644 18648 18710 18811 18817 18896 19024 19201 19529 19536 19945 20199 20405 21311 21389 21564 22030 22139 22155 22189 22228 22245 22422 22554 22829 22837 22903 23127 23616 23827 24017 24146 24682 25033 25299 25406 26238 26300 26359 26400 26423 26678 26740 26757 26982 27126 27184 27247 28961 29021 29032 29099 29145 29247 29301 29374 29453 29484 29512 29638 29702 29789 29841 29881 29953 29967 30019 30060 30107 30223 30341 30381 30395 30489 30490 30512 30563 30575 30607 30676 30712 30791 30854 30895 30896 30932 30965 30966 31028 31057 31146 31200 31212 31221 31302 31316 31440 31456 31518 31534 31552 31649 31686 31687 31774 31793 31813 31823 31839 31889 31950 31964 31980 32044 32073 32110 32157 32193 32227 32300 32342 32357 32487 32579 32624 32656 32708 32781 32797 32798 32858 32942 33014 33150 33463 
	}
		
	history = {
		owner = RUS
		
		buildings = {
		}
		
		add_core_of = RUS
	}
    
	buildings_max_level_factor=1.000
        manpower=1
        state_category = rural
}
