state={
	id=381
	name="STATE_381"
	provinces={
		199 298 768 912 1672 1735 2124 2392 3830 4612 5182 5638 5774 5779 5925 6730 6736 6754 6996 7027 7180 7181 7193 7292 7400 8442 9010 9166 9196 9215 9250 9762 10037 10210 10236 10340 10729 11425 11495 11869 12272 12315 12371 12411 12473 12814 12944 13331 13515 13573 13605 13940 14392 14581 14594 14662 14805 15292 15444 15454 15799 15962 16067 16117 16236 16830 17084 17266 17285 17310 17602 17832 17945 17974 17983 18160 18756 18796 18904 18937 19089 19684 20303 20418 20746 21003 21253 21285 21813 21927 21996 22002 22643 22817 23303 23431 23504 23546 24370 24837 25905 26323 26350 26500 26902 26939 27121 27465 27491 27530 29485 29544 29589 29597 29683 29790 29795 29808 29858 29872 29937 30006 30042 30084 30120 30218 30224 30225 30259 30300 30366 30426 30444 30445 30465 30471 30478 30520 30557 30576 30577 30598 30620 30646 30654 30677 30705 30792 30811 30833 30845 30897 30924 30933 30951 30967 31003 31100 31110 31132 31190 31201 31202 31213 31254 31255 31283 31294 31303 31304 31330 31331 31344 31413 31432 31441 31465 31519 31544 31560 31650 31661 31679 31688 31700 31718 31748 31787 31806 31814 31815 31816 31824 31905 31927 31965 32010 32027 32064 32095 32141 32194 32209 32317 32318 32331 32358 
	}
	buildings_max_level_factor=1.000
        manpower=1
        state_category = rural
}
