state={
	id=382
	name="STATE_382"
	provinces={
		75 134 347 429 615 738 829 1016 1424 1466 1487 1576 1737 1831 1855 2079 2113 2535 2654 2681 2704 2729 2998 3456 3732 3826 3840 3897 4006 4008 4263 4325 4519 4624 4902 4941 5236 5333 5404 5662 5824 5921 5951 6138 6455 7040 7111 7202 7209 7218 7295 7454 7476 7761 8007 8184 8265 8309 8356 8381 8499 8628 8699 8826 8949 9143 9395 9525 9606 9958 10377 11039 11180 11252 11316 11572 11678 11713 11838 11944 12018 12246 12424 12438 12587 12813 12839 13188 13241 13590 13816 14307 14446 14755 14798 15052 15133 15377 15453 15512 15820 16012 16055 16100 16605 16619 16665 16731 16888 17090 17407 17587 17619 17833 18054 18157 18316 18350 18866 18872 18958 19044 19212 19243 19420 19449 19692 19703 20141 20212 20234 20481 20555 20621 21077 21191 21213 21382 21872 21952 22103 22215 22343 22356 22479 22541 22564 22713 22911 23080 23084 23581 23610 23655 23683 23737 23745 23859 23911 23921 24098 24129 24151 24227 24272 24532 24636 24652 24845 24914 25168 25283 25320 25639 25690 25700 25898 26096 26098 26315 26333 26371 26383 27521 29428 29450 29506 29577 29588 29646 29673 29693 29731 29753 29805 29806 29818 29819 29829 29840 29847 29852 29857 29886 29899 29913 29924 29939 29950 29965 29984 29985 29993 30002 30003 30004 30010 30018 30069 30100 30117 30118 30119 30149 30183 30184 30193 30200 30211 30216 30217 30221 30222 30233 30234 30240 30245 30246 30271 30272 30280 30283 30299 30309 30310 30317 30318 30327 30328 30338 30392 30393 30409 30410 30417 30418 30423 30424 30453 30487 30495 30504 30505 30530 30543 30544 30545 30546 30562 30572 30590 30604 30605 30615 30642 30643 30644 30662 30674 30675 30697 30704 30728 30729 30748 30752 30761 30783 30790 30801 30810 30824 30832 30844 30851 30852 30879 30939 30949 30950 30988 30998 30999 31025 31039 31054 31073 31097 31108 31118 31129 31142 31143 31144 31160 31173 31187 31188 31199 31210 31252 31274 31282 31298 31328 31402 31439 31475 31476 31528 31557 31612 31648 31668 31676 31697 31698 31759 31802 31837 31869 32048 
	}
	buildings_max_level_factor=1.000
        manpower=1
        state_category = rural
}
