state={
	id=383
	name="STATE_383"
	provinces={
		619 998 1056 1201 1523 2036 2181 2356 2759 2817 3512 4046 4069 4695 4884 4901 5075 5172 5177 5304 5561 6116 6641 7061 8163 8398 9005 9081 9173 9719 9733 9765 10102 10138 10477 10582 10829 11161 11584 12333 12530 12911 13222 13664 14260 14786 14867 14897 15010 15019 15229 15331 15602 15620 15915 16128 16148 16183 16664 17123 17360 17393 17487 17735 17790 18174 18273 18281 19088 19294 19567 19820 19852 21434 21483 21896 21965 22123 22174 22303 22690 23135 23786 23982 24168 24331 24611 24882 25185 25439 26518 26855 26955 27006 27149 27341 30369 30370 30375 30413 30466 30473 30532 30566 30600 30622 30623 30633 30634 30667 30714 30740 30770 30771 30856 30884 30953 30971 30972 30981 30992 31043 31067 31068 31076 31077 31078 31134 31177 31178 31216 31240 31241 31257 31276 31285 31319 31332 31376 31406 31415 31422 31490 31504 31521 31522 31562 31580 31593 31594 31603 31651 31652 31690 31702 31703 31737 31763 31767 31775 31807 31826 31843 31844 31857 31890 31891 31929 31953 31999 32000 32001 32035 32086 32143 32197 32213 32266 32267 32268 32269 32287 32364 32365 32366 32379 32396 32410 32421 32436 32457 32505 32506 32507 32519 32580 32597 32628 32645 32667 32713 32772 32773 32783 32873 32925 32999 33061 33073 33205 
	}
	history = {
		owner = UKR
		
		buildings = {
		}
		
		add_core_of = UKR
	}
	buildings_max_level_factor=1.000
        manpower=1
        state_category = rural
}
