state={
	id=384
	name="STATE_384"
	provinces={
		17 277 513 561 725 735 914 946 2576 2840 3375 3799 4004 4213 4239 4518 4557 5077 5759 5933 5982 6105 6156 6261 6438 6556 6712 6720 6845 7104 7274 7344 7647 7717 7746 7893 8281 8303 8584 8690 8789 8963 9137 9161 9491 9500 9845 10197 10314 10342 10404 10653 10980 11258 11279 11306 11312 11321 12105 12107 12168 12497 13288 13509 13811 14007 14076 14077 14093 14258 14729 14768 14825 14831 14873 15006 15208 15218 15284 15538 15656 15679 15684 15751 15765 15767 15851 15918 16129 16201 16241 16346 16439 16601 16773 16886 17159 17694 17967 18125 18358 18519 18582 18754 18928 18934 19031 19271 19305 19520 19583 19856 19886 20362 20751 20822 20918 20989 21839 22164 22338 22544 22588 22694 22697 22826 22847 22873 23460 23482 23676 23681 23767 23840 24096 24428 24742 24844 24848 25062 25289 25411 25421 25533 25558 25562 25741 26101 26123 26131 26167 26202 26340 26479 26480 26529 27115 27231 27313 31233 31234 31382 31387 31388 31421 31464 31489 31499 31517 31532 31533 31573 31591 31600 31617 31627 31636 31670 31678 31685 31699 31733 31747 31773 31785 31786 31792 31805 31812 31855 31856 31888 31903 31904 31917 31925 31926 31948 31949 31963 31979 31993 31994 32043 32052 32053 32062 32063 32093 32094 32139 32140 32153 32154 32155 32156 32165 32176 32177 32178 32262 32284 32299 32313 32314 32315 32316 32330 32393 32394 32406 32407 32420 32451 32452 32473 32486 32515 32516 32555 32556 32566 32641 32654 32655 32675 32676 32688 32697 32707 32738 32753 32754 32769 32796 32807 32808 32809 32817 32818 32832 32838 32857 32887 32903 32921 32941 32955 32956 32981 32982 33042 33043 33056 33057 33110 33123 33124 33125 33139 33140 33165 33184 33185 33246 33277 33278 33297 33311 33348 33369 33370 33402 33439 33440 33451 33492 33577 33662 33862 
	}
		
	history = {
		owner = RUS
		
		buildings = {
		}
		
		add_core_of = RUS
	}
    
	buildings_max_level_factor=1.000
        manpower=1
        state_category = rural
}
