state={
	id=385
	name="STATE_385"
	provinces={
		573 652 713 1126 1356 1588 1632 1742 1755 1781 1938 2162 2551 2607 2612 2636 2644 2758 2829 2935 2986 3178 3287 3428 3603 3752 3766 3894 4172 4186 4608 4746 4845 5059 5082 5283 5521 5548 5609 5663 5830 6131 6173 6214 6262 6306 6427 6502 6762 7307 7398 7401 7477 7479 7898 8103 8185 8420 8421 8444 8480 8897 8923 9279 9301 9466 9811 10060 10064 10185 10283 10479 10549 10609 10771 10868 11021 11166 11179 11198 11274 11394 11578 11640 11657 11659 11724 12218 12242 12440 12653 12810 12917 12942 13146 13183 13244 13298 13402 13411 13482 13863 13882 14059 14109 14250 14331 15283 15446 15595 15667 15668 16046 16064 16313 16386 16437 16466 16569 16678 16804 17055 17059 17198 17272 17297 17386 17616 17642 17798 17822 17866 17941 18052 18148 18247 18522 19118 19138 19257 19858 19999 20137 20156 20309 20622 20640 20657 20726 20736 20786 21147 21203 21215 21273 21325 21378 21480 21538 21552 22167 22513 22636 23019 23647 23910 23993 24187 24449 24700 24772 24783 24829 24899 24995 25317 25442 25541 25719 26054 26077 26078 26355 26746 26766 26815 27052 30456 30565 30665 30686 30739 30754 30764 30785 30793 30794 30846 30870 30882 30883 30915 30916 30941 30952 30968 30969 31029 31030 31034 31042 31058 31066 31101 31111 31133 31147 31176 31214 31235 31236 31237 31238 31275 31284 31305 31317 31318 31345 31346 31357 31358 31359 31365 31366 31383 31405 31433 31442 31443 31466 31478 31479 31500 31561 31601 31602 31618 31637 31671 31689 31710 31719 31734 31735 31749 31761 31762 31817 31840 31841 31873 31874 31883 31906 31928 31942 31951 31966 31981 32021 32032 32033 32034 32045 32065 32085 32112 32179 32180 32181 32182 32195 32196 32285 32302 32303 32332 32360 32361 32362 32376 32395 32408 32435 32455 32456 32488 32517 32518 32531 32567 32568 32594 32595 32607 32627 32642 32677 32698 32699 32709 32710 32711 32712 32726 32742 32819 32839 32840 32889 32890 32983 32984 32985 33024 33071 33127 33142 33143 33261 33299 33326 33342 33421 33444 33495 33496 33521 33627 33628 33629 33665 33685 33728 33777 33875 
	}
	buildings_max_level_factor=1.000
        manpower=1
        state_category = rural
}
