state={
	id=386
	name="STATE_386"
	provinces={
		1296 1519 1950 1993 2024 2425 3134 3690 4144 4819 5023 5152 5316 6052 6559 6589 7125 7210 7228 7323 7376 7496 7608 7720 8632 9638 10231 10785 11674 11774 12398 14045 14231 14410 14811 15186 17726 17972 18482 18501 18643 19781 21128 21899 22138 22418 22677 22808 23439 24103 24468 24568 24737 24751 25069 26153 26275 26515 27102 27235 31342 31454 31558 31614 31669 31677 31782 31803 31870 31914 31947 31977 31978 31992 32020 32061 32083 32127 32192 32225 32238 32248 32261 32298 32311 32339 32356 32389 32419 32430 32431 32447 32485 32501 32513 32528 32591 32606 32639 32652 32663 32687 32723 32793 32806 32816 32831 32856 32870 32918 32919 32996 33069 33148 33218 33230 33275 33309 33368 34281 
	}
	buildings_max_level_factor=1.000
        manpower=1
        state_category = rural
}
