state={
	id=387
	name="STATE_387"
	provinces={
		103 150 183 269 312 365 670 828 835 1033 1163 1461 1462 1574 1902 2132 2188 2231 2433 2601 2674 2863 2893 2919 3301 3616 3705 3764 3811 4033 4331 4393 4689 4829 4888 4957 4975 5238 5279 5301 5380 5403 5528 5552 5613 5700 5831 5954 6141 6267 6334 6531 6973 7215 7472 7560 7648 7661 7668 7696 7856 7878 8258 8387 8493 8575 8594 8602 8678 8719 9135 9203 9248 9420 9496 9519 9572 9609 9879 9978 10008 10078 10189 10616 10644 10838 10872 11051 11189 11352 11508 11921 12130 12202 12305 12316 12819 13024 13033 13075 13187 13340 13552 13653 13662 13762 13770 13809 13934 14085 14153 14161 14176 14510 14552 14606 14738 14931 15002 15059 15097 15305 15388 15570 15586 15683 15938 15942 15985 16356 16391 16526 16727 16740 16810 17113 17120 17174 17208 17283 17567 17705 17789 17803 17806 17819 17827 17864 18328 18349 18440 18461 18712 18847 19103 19184 19450 19457 19477 19499 19519 19535 19537 19582 19643 19664 19720 19761 19762 19786 19812 19911 19958 19963 20071 20317 20465 20586 20764 20806 21163 21206 21384 21441 21957 21970 22353 22368 22497 22618 22656 22758 22852 23000 23058 23155 23216 23368 23474 23571 23621 23741 23783 23817 23933 23956 23967 24122 24350 24365 24465 24552 24577 24615 24645 24719 24909 25074 25261 25333 25380 25385 25437 25571 25603 25848 25974 25987 25996 26007 26033 26427 26514 26536 26584 26585 26626 26752 26802 27172 27227 27394 27409 27443 27457 30878 30997 31086 31116 31117 31128 31172 31250 31251 31364 31374 31401 31411 31486 31487 31496 31527 31541 31542 31543 31572 31590 31599 31611 31622 31623 31633 31657 31667 31675 31683 31708 31745 31756 31757 31758 31771 31781 31801 31836 31868 31881 31882 31886 31901 31913 31938 31939 31960 31961 31976 32008 32017 32018 32019 32026 32040 32041 32060 32071 32082 32092 32108 32125 32126 32151 32164 32206 32207 32222 32223 32237 32246 32247 32260 32282 32297 32310 32327 32328 32355 32371 32372 32373 32374 32402 32403 32404 32405 32417 32418 32446 32470 32471 32512 32525 32526 32527 32538 32539 32564 32565 32575 32576 32589 32590 32605 32621 32638 32651 32661 32673 32685 32686 32693 32694 32695 32706 32722 32734 32735 32736 32751 32805 32815 32828 32829 32830 32853 32868 32884 32885 32900 32914 32915 32916 32917 32937 32938 32952 32965 32966 32967 32993 32994 33010 33011 33019 33020 33040 33091 33105 33106 33138 33162 33163 33228 33229 33243 33244 33258 33273 33274 33337 33338 33365 33366 33375 33376 33387 33388 33416 33417 33418 33437 33438 33460 33474 33475 33490 33519 33530 33531 33532 33574 33588 33589 33600 33601 33610 33623 33639 33658 33677 33678 33679 33680 33712 33713 33755 33756 33757 33770 33810 33811 33812 33826 33827 33858 33870 33885 33913 33957 33958 33959 33967 33968 33969 34018 34082 34083 34106 34123 34124 34133 34204 34242 34243 34244 34264 34280 34315 34316 34361 34362 34374 34447 34466 34484 34523 34533 34548 34566 34581 34582 34583 34598 34620 34634 34651 34663 34706 34707 34721 34738 34762 34779 34780 34781 34817 34850 34851 34885 34917 34918 34940 34941 34959 34975 35075 35087 35106 35179 35194 35246 35284 35345 35387 35662 35762 
	}
		
	history = {
		owner = RUS
		
		buildings = {
		}
		
		add_core_of = RUS
	}
    
	buildings_max_level_factor=1.000
        manpower=1
        state_category = rural
}
