state={
	id=388
	name="STATE_388"
	provinces={
		3 180 441 685 2463 2571 2818 2871 2974 3069 3482 3564 3691 4240 4459 4552 4825 6557 6760 6946 7294 7743 8015 8569 8637 8973 9590 9735 10002 10085 10181 10428 10468 10933 10948 11151 11347 12196 12255 12307 12579 12744 12949 13669 13842 13897 13978 14044 14217 14961 15176 15252 15272 15379 15435 16116 16382 16505 16707 16883 17449 18070 18392 18526 18832 18941 19421 19425 19428 20351 20477 20773 20875 21186 21252 21435 22269 22430 22522 23049 23170 23395 23746 23868 24020 24041 24381 24554 24866 25468 25608 26070 26256 26265 26382 26384 26625 26660 27062 27100 27265 27386 30464 30547 30548 30585 30591 30645 30652 30684 30753 30769 30802 30853 30861 30862 30940 30959 30963 30979 31040 31055 31065 31074 31087 31109 31161 31162 31174 31232 31261 31291 31299 31300 31412 31430 31515 31549 31550 31613 31624 31658 31684 31709 31717 31730 31760 31838 31854 31940 31962 32042 32049 32072 32109 32191 32208 32224 32283 32329 32375 32540 32662 32674 32792 32837 32854 32855 32869 32939 32940 32968 32995 33012 33092 33093 33164 33171 33182 33259 33293 33339 33367 33377 33419 33461 33476 33477 33491 33504 33590 33602 33640 33659 33682 33714 33758 33813 33814 33871 33928 33942 34064 34065 34096 34265 34336 
	}
		
	history = {
		owner = RUS
		
		buildings = {
		}
		
		add_core_of = RUS
	}
    
	buildings_max_level_factor=1.000
        manpower=1
        state_category = rural
}
