state={
	id=389
	name="STATE_389"
	provinces={
		623 745 1047 1333 1396 1459 1654 1843 2144 2232 2419 2569 2684 3133 3264 3553 3582 3585 4230 4278 4682 5997 6026 6050 6417 7115 7229 7788 7945 8516 8874 8905 8983 9527 9782 9896 10000 10089 10418 10482 10483 10797 10889 11188 11424 11832 11870 11888 11935 11998 12005 12231 13008 13042 13139 13314 13356 13465 13517 13634 14535 15324 15460 15470 15544 15870 16040 16169 16256 17255 17265 17307 17474 17508 17552 17767 17905 17921 17959 17961 17981 18405 18677 18844 19000 19119 19422 19630 19647 19967 20300 20385 20429 20576 20719 20755 21143 21278 21302 21667 22145 22206 22311 22552 22728 22880 22907 23011 23115 23208 23443 23689 23712 23842 23919 23994 24108 24327 24354 24548 24814 24928 25005 25260 25346 25567 25582 25594 25717 25801 25806 26034 26305 26320 26586 26646 26659 27026 27480 30819 30855 30925 30991 31102 31156 31203 31239 31262 31295 31306 31389 31414 31502 31503 31545 31546 31638 31662 31672 31711 31720 31736 31751 31818 31825 31842 31875 31943 31952 31967 31968 31996 31997 31998 32022 32023 32066 32075 32142 32239 32250 32265 32286 32304 32363 32377 32378 32409 32475 32476 32489 32504 32542 32596 32608 32644 32666 32678 32690 32691 32700 32727 32756 32770 32771 32821 32842 32922 32923 32924 32944 32970 32987 33027 33059 33060 33072 33081 33111 33128 33145 33175 33188 33203 33204 33219 33220 33262 33300 33314 33327 33328 33329 33391 33423 33497 33510 33538 33551 33566 33631 33686 33764 33780 33795 33834 33835 33889 33905 33964 33976 34005 34255 34324 
	}
	buildings_max_level_factor=1.000
        manpower=1
        state_category = rural
}
