state={
	id=390
	name="STATE_390"
	provinces={
		228 254 271 369 406 654 874 1132 1173 1305 1316 1531 1615 1659 1699 1804 2269 2288 2344 2366 2438 2492 2494 2530 2545 2890 3107 3355 3409 3465 3611 3626 4073 4208 4524 4620 4785 4786 4870 5292 5392 5491 5569 5570 5589 5655 5971 6002 6098 6296 6443 6601 6605 6660 6735 6775 6904 6981 7052 7059 7095 7177 7197 7317 7413 7631 7848 8010 8042 8046 8118 8159 8514 8566 8766 8798 8877 9002 9321 9337 9404 10196 10558 10661 10907 11076 11134 11287 11289 11736 11812 11860 11923 12003 12067 12077 12091 12429 12445 12593 12738 12892 12927 13095 13155 13243 13282 13413 13421 13490 13647 13858 14118 14335 14507 14546 14553 14636 14654 14672 14674 14675 14679 14801 14882 14920 15064 15169 15191 15256 15302 15328 15355 15536 15716 15839 15921 15929 15957 15969 15995 16019 16079 16089 16189 16298 16375 16501 16509 16546 16572 16685 16770 16819 16903 17054 17217 17248 17373 17434 17590 17704 17785 17796 17989 18120 18195 18398 18468 18531 18773 18905 19016 19134 19142 19145 19231 19466 19594 19624 19693 19714 19769 19855 19893 19987 20107 20134 20341 20448 20639 20670 20793 20841 20898 20915 21036 21104 21330 21447 21451 21475 21496 21547 21572 21585 21891 22152 22178 22217 22349 22579 22600 22708 22714 22857 23253 23328 23540 23613 23666 23839 23892 23990 24045 24226 24265 24362 24382 24478 24660 24691 24813 24832 24971 25081 25105 25237 25249 25291 25366 25483 25581 25709 25767 25808 25826 25986 26102 26117 26158 26264 26335 26428 26458 26512 26589 26607 26674 26690 26798 26900 26943 27177 27317 27382 27388 27486 27538 31182 31224 31259 31264 31286 31321 31322 31333 31334 31335 31348 31349 31360 31368 31390 31391 31392 31407 31425 31426 31444 31445 31446 31468 31482 31493 31506 31507 31565 31566 31567 31575 31582 31595 31596 31606 31619 31640 31641 31663 31691 31723 31724 31725 31752 31753 31768 31776 31788 31789 31794 31831 31832 31846 31847 31858 31859 31860 31861 31892 31908 31931 31970 31971 31972 31983 32002 32003 32011 32012 32024 32025 32028 32056 32057 32076 32077 32099 32114 32130 32131 32132 32168 32214 32228 32242 32243 32251 32272 32288 32322 32323 32324 32345 32367 32382 32383 32411 32412 32424 32438 32460 32477 32491 32492 32508 32557 32569 32584 32598 32599 32611 32612 32630 32646 32679 32680 32716 32717 32718 32744 32745 32746 32758 32776 32777 32785 32799 32810 32822 32843 32844 32845 32874 32875 32893 32908 32909 32945 32959 32971 32988 32989 33031 33032 33048 33049 33063 33084 33112 33113 33129 33130 33152 33153 33168 33169 33178 33189 33190 33191 33235 33249 33250 33285 33303 33315 33333 33353 33354 33355 33381 33382 33426 33427 33446 33469 33484 33499 33500 33511 33512 33523 33539 33555 33556 33632 33633 33649 33703 33720 33774 33783 33798 33799 33823 33918 33919 33920 33935 33950 33989 34009 34010 34024 34058 34073 34092 34114 34115 34167 34183 34256 34273 34288 34289 34290 34326 34347 34435 34436 34473 34474 34514 34528 34555 34593 34608 34644 34672 34714 
	}
	buildings_max_level_factor=1.000
        manpower=1
        state_category = rural
}
