state={
	id=391
	name="STATE_391"
	provinces={
		468 1890 2023 2623 2804 3270 3354 3604 3884 4077 4142 4733 4748 4892 5162 5831 5984 6102 6163 6255 6550 6582 6585 6599 6678 9163 9181 9182 9188 9194 9196 9197 9199 9202 9209 9210 9211 9213 9217 9220 9228 9232 9238 9239 9240 9245 9249 9250 9257 9258 9264 9270 9271 9274 9280 9284 9285 9295 9297 9299 9308 9311 9312 9325 9326 9330 9334 9336 9339 9341 9342 9347 9348 9352 9357 9366 9367 
	}
	buildings_max_level_factor=1.000
        manpower=1
        state_category = town
}
