state={
	id=392
	name="STATE_392"
	provinces={
		32 195 233 265 502 595 596 1160 1483 1490 1551 1581 2400 2449 2450 2528 2631 2664 2971 3120 3323 3507 3510 3638 3681 3849 3946 4076 4433 4724 4733 4979 5398 5958 6408 6433 6477 6988 7340 7745 8011 8717 9477 9718 10009 10232 10550 10808 10958 11060 11457 11538 11683 12430 12442 12573 12715 12903 13048 13145 13262 13451 13660 14284 14354 14457 14907 14954 15359 15530 15619 15694 15763 15852 15887 16073 16155 16161 16362 16440 16638 16689 16905 17200 17486 17539 17563 17917 17980 18327 18658 18898 19195 20026 20460 20973 20977 21029 21180 21573 21652 21783 21968 22201 22227 22314 22407 23117 23365 23834 24042 24106 24251 24297 24603 24688 24809 24846 25090 25094 25099 25418 25506 25546 25673 25693 25698 25744 25795 25851 25954 25982 26165 26273 26352 26360 26398 26788 26813 26896 27004 27075 27141 27178 27255 31083 31114 31152 31271 31325 31337 31451 31452 31570 31587 31588 31589 31608 31647 31665 31696 31713 31769 31922 31923 31957 31958 31973 32029 32059 32136 32137 32220 32276 32277 32325 32335 32386 32413 32428 32440 32465 32510 32535 32550 32551 32561 32572 32615 32616 32648 32684 32761 32762 32803 32824 32850 32851 32863 32936 32977 32991 33006 33066 33077 33078 33086 33118 33136 33194 33215 33255 33267 33268 33269 33270 33291 33321 33361 33362 33384 33398 33399 33473 33517 33518 33544 33584 33585 33619 33620 33637 33653 33654 33655 33709 33738 33739 33788 33805 33806 33841 33910 33911 33924 33925 33994 33995 34029 34030 34047 34061 34079 34080 34120 34156 34157 34172 34173 34174 34175 34187 34202 34203 34236 34237 34257 34277 34292 34293 34330 34331 34332 34353 34354 34391 34409 34440 34441 34462 34481 34502 34543 34561 34631 34649 34680 34681 34719 34735 34775 34813 34814 34847 34868 34935 34955 34986 35015 35071 35072 35104 35156 35240 35241 35242 35279 35280 35421 35510 
	}
	history = {
		owner = UKR
		
		buildings = {
		}
		
		add_core_of = UKR
	}
	buildings_max_level_factor=1.000
        manpower=1
        state_category = rural
}
