state={
	id=393
	name="STATE_393"
	provinces={
		16 142 270 350 482 804 1480 1563 1674 1829 2280 2665 2780 2837 2888 2947 3139 3149 3194 3322 3492 3636 3657 3728 4055 4272 4491 4641 4813 4872 4896 5002 5009 5298 5960 6133 6201 6238 6263 6331 6348 6553 6937 6961 7000 7031 7089 7151 7330 7501 7515 7859 7960 8149 8456 8507 8522 8582 9333 9357 9563 9755 9785 9969 9973 10065 10222 10387 11074 11363 11836 13126 13263 13420 13568 13805 14042 14241 14256 14305 14314 14315 15008 15051 15119 15199 15504 15625 15696 15853 15904 15922 16003 16140 16281 16317 16348 16387 16954 16986 17244 17302 17465 17662 17666 17689 17914 18279 18296 18342 18447 18978 19038 19357 19363 19521 19729 19763 19846 20133 20614 20800 21084 21231 21251 21349 21352 21413 21528 21561 21692 21718 21817 21924 22114 22170 22393 22406 22559 22567 22730 23326 23352 23406 23435 23795 23841 23869 23980 24131 24335 24511 24570 24625 24650 24787 24881 24970 25112 25133 25804 26028 26239 26498 26499 26835 26924 27251 27257 27497 32084 32226 32340 32390 32432 32448 32514 32577 32578 32622 32640 32653 32664 32737 32766 32767 32794 32795 32871 32886 32920 32929 32953 32979 32980 32997 33013 33052 33053 33070 33107 33149 33183 33260 33276 33294 33345 33346 33347 33389 33420 33462 33478 33479 33533 33575 33576 33611 33641 33660 33683 33715 33726 33741 33776 33790 33845 33859 33914 33915 33929 33930 33943 33970 33984 34020 34021 34038 34050 34066 34084 34107 34134 34135 34162 34178 34192 34193 34224 34245 34266 34267 34297 34318 34337 34377 34378 34394 34395 34427 34428 34449 34450 34468 34507 34508 34509 34549 34585 34600 34601 34622 34635 34636 34637 34664 34687 34688 34708 34722 34763 34764 34819 34832 34833 34854 34873 34898 34943 34977 34978 34990 35019 35020 35032 35052 35053 35054 35089 35108 35143 35144 35180 35181 35195 35216 35267 35300 35314 35346 35347 35441 35460 35529 35569 35570 35590 35706 35741 35764 35765 35766 35801 35903 35926 35927 36003 36054 36150 36204 
	}
	buildings_max_level_factor=1.000
        manpower=1
        state_category = rural
}
