state={
	id=394
	name="STATE_394"
	provinces={
		8 112 114 148 185 235 402 438 528 547 616 643 667 698 768 787 793 817 873 876 962 965 987 1027 1032 1093 1114 1139 1207 1266 1273 1499 1513 1549 1577 1583 1588 1686 1760 1918 1962 2109 2185 2199 2208 2249 2321 2399 2403 2444 2520 2673 2753 2782 3037 3045 3104 3232 3407 3534 3603 3623 3854 3879 3886 3978 4092 4175 4214 4251 4377 4478 4559 4743 4811 5408 5586 5613 5703 6039 6183 6228 6368 6409 6579 6660 6746 6765 9286 9408 9474 9552 9567 9599 9603 9606 9655 9656 9719 9771 9796 
	}
	history={
		owner = RUS
		add_core_of = RUS
	}
	buildings_max_level_factor=1.000
        manpower=1
        state_category = town
}
