state={
	id=396
	name="STATE_396"
	provinces={
		337 743 919 955 1194 1508 1739 1884 2195 2300 2685 3183 3383 3586 3771 3891 4320 4621 4716 5253 6035 6432 6549 6574 7566 8237 8519 8955 9366 9979 10300 10799 11267 11677 12071 12311 12349 12604 12671 12905 13185 13324 13486 13559 13873 14340 14871 15105 15719 16363 16800 17258 17404 17564 17669 17750 18459 18739 20013 20195 20331 20592 20618 20974 21209 21258 21604 21994 22082 22231 22272 22637 23423 23716 24630 25144 25334 25584 25666 26864 26872 27097 27139 31701 31750 32096 32166 32212 32249 32320 32321 32333 32503 32541 32643 32689 32743 32820 32841 32891 32930 32931 32986 33025 33026 33045 33046 33144 33151 33166 33174 33187 33202 33248 33280 33281 33313 33405 33453 33465 33483 33522 33549 33550 33581 33593 33604 33630 33645 33701 33718 33779 33819 33820 33848 33877 33878 33888 33948 33974 33987 34041 34053 34087 34098 34112 34144 34145 34165 34252 34344 34434 34490 34512 34571 34587 34624 34655 34711 34822 34965 
	}
	history = {
		owner = POL
		
		buildings = {
		}
		
		add_core_of = POL
	}
	buildings_max_level_factor=1.000
        manpower=1
        state_category = rural
}
