state={
	id=397
	name="STATE_397"
	provinces={
		386 831 943 985 1280 1722 1865 1870 2203 2609 2756 2977 3031 3248 3439 3804 4428 4489 4878 4974 5052 5205 5320 6030 6799 7271 7387 7659 8433 8758 8835 8876 9644 9681 9881 9927 9965 10239 10270 10284 10322 10384 10390 10443 10513 10571 10954 10995 11035 11219 11265 11450 11475 11486 11637 11833 11980 12112 12159 12623 12646 12751 12803 13207 13316 14412 14438 14787 14898 15024 15037 15905 16053 16211 16231 16877 16889 17002 17148 17199 17295 17454 17707 17772 18005 18140 18465 18489 18553 18652 18760 18761 18852 18890 18932 18956 19001 19101 19337 19414 19427 19443 19456 19753 19896 19984 20142 20308 20327 20329 20643 20955 21059 21148 21243 21360 21386 21610 21973 22047 22102 22185 22630 22754 22879 23098 23129 23176 23519 23572 23604 23861 24102 24240 24314 24390 24452 24551 24697 24777 25115 25198 25212 25251 25279 25432 25487 25530 25630 25888 25909 26120 26322 26569 26739 26792 27008 27191 27233 27318 32472 32529 32593 32623 32696 32724 32752 32768 32901 32902 32954 33021 33041 33054 33055 33094 33108 33109 33201 33231 33245 33295 33296 33310 33401 33480 33481 33505 33534 33547 33563 33564 33612 33624 33661 33699 33716 33759 33771 33815 33829 33860 33861 33886 33894 33895 33960 33985 33999 34022 34039 34108 34125 34136 34137 34138 34163 34179 34180 34194 34268 34269 34282 34319 34320 34338 34379 34396 34451 34486 34535 34568 34602 34623 34638 34652 34653 34689 34709 34710 34723 34742 34743 34765 34783 34803 34804 34820 34834 34887 34899 34900 34901 34920 34921 34944 34979 34980 35004 35033 35109 35145 35196 35229 35268 35269 35286 35287 35315 35348 35370 35371 35392 35393 35427 35442 35461 35483 35516 35548 35571 35591 35614 35615 35643 35666 35708 35742 35743 35802 35818 35857 35905 35906 35928 35945 35946 36041 36072 36073 36091 36152 36171 36205 36206 36238 36267 36268 36298 36328 36329 36396 36444 36445 36486 36499 36556 36610 36611 36626 36732 36794 36900 
	}
	buildings_max_level_factor=1.000
        manpower=1
        state_category = rural
}
