state={
	id=398
	name="STATE_398"
	provinces={
		225 656 918 922 1035 1142 1255 1285 1457 1599 2245 2526 2984 3387 3398 3420 3449 3860 4375 4380 4382 4494 5117 5682 5917 5976 6266 6286 6751 7278 7573 7586 7654 7740 7779 7830 8050 8177 8301 8912 9307 9410 9447 9877 10221 10297 10358 10427 10646 10905 11121 11138 11336 11417 11440 11442 11444 11456 11458 11703 11795 11799 12096 12301 12370 12581 12605 12956 13158 13265 13379 13396 13466 13586 13668 13857 13886 13967 14111 14345 14381 14467 14566 14589 14609 14869 14894 14965 15036 15050 15053 15152 15163 15269 15883 15953 16098 16218 16409 16862 16968 17326 17529 17623 17664 17771 18219 18481 18551 18587 19228 19250 19471 19491 19504 19951 19968 20302 20354 20634 21100 21171 21226 21560 21703 21787 21793 22828 23141 23189 23286 23325 24007 24027 24048 24104 24184 24334 24416 24442 24464 24677 24702 24706 25046 25050 25255 25256 25652 25661 25870 26212 26221 26591 26641 26756 27060 27070 27359 27395 27422 27439 27455 27468 31954 32036 32087 32097 32158 32198 32240 32305 32380 32381 32422 32458 32490 32543 32544 32581 32582 32583 32609 32692 32714 32774 32775 32784 32892 32906 32907 32958 33000 33015 33028 33029 33030 33047 33062 33082 33146 33147 33167 33176 33177 33206 33207 33208 33221 33282 33283 33284 33301 33302 33330 33331 33332 33349 33350 33351 33352 33392 33424 33425 33445 33454 33467 33468 33498 33552 33553 33582 33595 33605 33606 33646 33647 33687 33688 33702 33731 33732 33781 33796 33821 33822 33836 33837 33850 33879 33890 33906 33916 33917 33933 33949 33988 34006 34007 34055 34056 34071 34088 34089 34090 34091 34113 34128 34146 34166 34198 34208 34209 34210 34231 34232 34271 34303 34325 34346 34365 34386 34400 34401 34402 34418 34419 34455 34491 34513 34527 34554 34572 34573 34606 34625 34670 34671 34713 34727 34752 34823 34840 34861 34862 34878 34890 34907 34927 34967 34995 35009 35010 35022 35038 35096 35114 35185 35186 35187 35200 35220 35252 35321 35408 35520 35577 35595 35750 
	}
	buildings_max_level_factor=1.000
        manpower=1
        state_category = rural
}
