state={
	id=399
	name="STATE_399"
	provinces={
		150 214 277 334 368 427 454 484 505 627 767 815 872 946 983 989 1004 1099 1127 1129 1134 1157 1202 1299 1355 1383 1413 1578 1589 1640 1651 1672 1768 1803 1844 1877 1949 1955 1997 2001 2046 2053 2107 2190 2203 2282 2309 2327 2342 2348 2375 2386 2481 2546 2561 2563 2680 2691 2881 2944 3211 3310 3311 3344 3402 3446 3473 3528 3533 3597 3641 3676 3729 3861 3955 4145 4162 4286 4294 4301 4407 4452 4752 4865 5345 5511 5525 5631 5635 5704 5713 5768 6068 6142 6284 6380 6448 6460 6517 6645 6695 6723 6922 9293 9301 9531 9565 9613 9628 9639 9694 9721 9730 9749 9790 9792 9801 9861 9871 
	}
	history={
		owner = ROM
		add_core_of = ROM
	}
	buildings_max_level_factor=1.000
        manpower=1
        state_category = town
}
