
state={
	id=4
	name="STATE_4"
	provinces={
		682 779 926 2271 3519 3647 5124 5273 5430 5546 5920 7510 8753 9796 11329 11671 11913 12192 13463 13513 14058 15229 15626 15644 16272 16323 16428 16448 17539 17958 18739 19058 20362 20393 20507 20951 21340 21537 21619 21825 22295 22557 23570 23594 24619 25380 25938 26449 47994 48022 48062 48087 48148 48161 48219 48253 48272 48314 48315 48394 48435 48436 48528 48543 48579 48588 48635 48675 48690 48699 48783 48821 48870 48882 48893 48920 48926 48935 48946 49057 49080 49146 49339 
	}
	history = {
        owner = CRI
		add_core_of = CRI
		
    }
	state_category=rural
	manpower=36872
	buildings_max_level_factor=1.000
	local_supplies=0.000
}
