state={
	id=4
	name="STATE_4"
	provinces={
		36 65 121 148 216 292 333 341 344 389 390 457 828 911 1050 1070 1104 1134 1161 1233 1313 1390 1469 1526 1549 1642 1767 1798 1968 1974 1976 2134 2342 2367 2556 2589 2764 2812 2819 2910 3098 3128 3158 3184 3456 3599 3744 4125 4234 4319 4349 4377 4499 4523 4581 4741 4745 4960 5080 5136 5140 5203 5222 5282 5361 5509 5667 5690 5802 5808 5846 6199 6370 6390 6498 6608 6702 6978 7253 7259 7407 7434 7460 7461 7462 7486 7490 7494 7498 7502 7513 7528 7549 7554 7594 7621 7647 
	}
	buildings_max_level_factor=1.000
        manpower=1
        state_category = town
}
