
state={
	id=40
	name="STATE_40"
	provinces={
		354 569 669 1002 2095 2328 2984 3412 4518 5097 5238 5806 6774 7154 7474 7776 7821 9720 9885 10375 10750 11233 11514 11848 12180 12860 13263 14389 14502 14814 15372 16324 16818 17608 18272 19668 20114 20270 20410 20716 22047 22919 23707 24155 24946 25389 26985 27180 42499 42500 42544 42648 42719 42794 42971 42990 43084 43168 43412 43433 43452 43505 43526 43589 43610 43626 43727 43728 43821 43822 43879 43880 43896 43923 43924 43976 43977 44000 44001 44021 44057 44058 44073 44095 44124 44214 44215 44234 44249 44267 44268 44289 44346 44381 44424 44425 44442 44585 44586 44587 44630 44767 44768 44788 44815 
	}
	history = {
        owner = UKR
		add_core_of = UKR

	}
	
	state_category=town
	manpower=5432
	buildings_max_level_factor=1.000
	local_supplies=0.000
}
