state={
	id=400
	name="STATE_400"
	provinces={
		1790 1889 2669 2939 3653 4156 4185 4660 4809 4938 4948 6631 6662 6783 7473 7741 8618 8804 9691 10758 11320 11801 12133 12334 12747 12960 13933 14318 15069 15278 15358 15711 16025 16052 16101 16125 16410 16529 16699 16897 17682 17801 17940 18622 18785 19164 19200 19429 19685 19724 19851 19928 20064 20120 20196 21000 21006 21587 21730 21976 22229 22491 22496 22590 22734 22839 22962 22982 23713 23938 24081 24135 24317 24479 25159 25479 25535 25552 25606 26003 26226 26489 26624 26638 26793 27222 33615 33729 33730 33763 33778 33818 33876 34023 34069 34086 34143 34196 34197 34229 34251 34285 34286 34302 34384 34397 34433 34453 34471 34489 34570 34640 34668 34693 34694 34749 34750 34805 34838 34839 34904 34926 34964 34982 34992 35006 35021 35036 35059 35060 35184 35230 35304 35318 35319 35351 35352 35373 35486 35518 35534 35535 35618 35648 35690 35805 35836 35950 35951 35967 36096 36116 36139 36140 36331 36650 36679 
	}
	history = {
		owner = POL
		
		buildings = {
		}
		
		add_core_of = POL
	}
	buildings_max_level_factor=1.000
        manpower=1
        state_category = rural
}
