state={
	id=401
	name="STATE_401"
	provinces={
		201 208 219 327 772 793 950 1252 1451 1601 1727 1750 2018 2357 2474 2831 3073 3273 3693 4349 4522 4569 4774 4800 4856 5076 5780 6303 6823 7013 7399 7519 7612 7642 7814 8222 8245 8275 8578 8778 9264 9304 10012 10252 10416 10430 10691 11656 11861 12055 12259 12346 12366 12756 12924 12968 12980 13043 13082 13128 13249 13481 13526 13727 14019 14506 14522 15392 15452 15648 15873 16204 16319 16353 16354 16607 16851 16885 17161 17306 17387 17426 17653 17814 17901 18003 18110 18262 18309 18394 18441 18655 18834 19100 19398 19400 19487 19566 19587 19879 19941 19956 19994 20539 20735 20946 21260 21772 22045 22105 22125 22306 22435 22436 22599 22629 22639 22766 22928 23076 23088 23192 23377 23429 23590 23882 23975 24004 24678 24766 24828 24877 25071 25122 25227 25374 25378 25547 25708 25953 25999 26691 26701 27219 27228 27234 27332 27365 27367 27403 32013 32133 32215 32252 32533 32658 32668 32669 32747 32800 32859 32926 32972 33001 33064 33131 33154 33209 33210 33236 33263 33316 33393 33394 33428 33540 33689 33690 33704 33733 33745 33746 33853 33899 33951 34025 34042 34043 34074 34093 34101 34147 34148 34184 34214 34327 34348 34349 34368 34405 34406 34457 34458 34475 34476 34494 34495 34529 34540 34575 34576 34609 34610 34645 34646 34673 34699 34715 34729 34730 34756 34809 34824 34842 34843 34844 34845 34880 34910 34933 34951 35012 35025 35078 35101 35133 35134 35152 35170 35171 35188 35223 35237 35238 35254 35325 35336 35337 35356 35379 35413 35433 35446 35470 35490 35504 35523 35560 35598 35599 35635 35655 35696 35756 35771 35788 35808 35844 35845 35887 35888 35910 35971 35972 35973 36024 36048 36082 36125 36126 36144 36145 36230 36257 36279 36304 36305 36317 36373 36404 36420 36421 36457 36493 36527 36546 36566 36587 36588 36600 36632 36633 36668 36684 36706 36740 36778 36779 36802 36816 36831 36908 37061 37062 37087 37088 37156 37209 37210 37223 37299 37321 37398 37399 37432 37504 37531 37640 37652 37709 37804 37839 37840 37898 37914 37965 37966 38003 38004 38060 38136 38210 38261 38299 38382 
	}
	history = {
		owner = UKR
		
		buildings = {
		}
		
		add_core_of = UKR
	}
	buildings_max_level_factor=1.000
        manpower=1
        state_category = rural
}
