state={
	id=402
	name="STATE_402"
	provinces={
		34 64 215 562 755 776 787 847 1166 1288 1444 1684 1995 2017 2564 2604 2772 2952 3094 3473 4000 4050 4066 4444 4548 4963 5161 5453 5717 5736 6297 6423 6446 6935 7019 7065 7319 7718 7902 8900 9209 9336 9372 9832 9883 10737 10768 10910 10971 11064 11384 11539 11547 11658 11778 11859 11899 12004 12116 12200 12266 12766 12904 12925 12974 13125 13276 13571 13780 13881 14057 14119 14452 14638 14732 15092 15282 15350 15525 15610 15665 16088 16541 16551 16879 16939 16987 17180 17241 17835 17841 18566 18572 18678 18730 18759 18836 19124 19185 19474 19606 20029 20072 20330 20752 20825 21049 21297 21410 21431 21607 21913 22181 22345 22384 22548 22612 22619 22663 22761 22770 22806 23150 23865 24057 24085 24101 24128 24256 24391 24471 24911 24954 25083 25141 25181 25274 25315 25414 25691 25818 25877 26092 26283 26307 26577 26630 26958 27069 27303 27308 27343 27435 27483 34390 34559 34560 34613 34614 34701 34718 34757 34794 34894 34972 34985 35102 35119 35120 35140 35176 35260 35261 35296 35297 35339 35340 35383 35384 35420 35435 35472 35473 35509 35565 35566 35582 35609 35627 35628 35658 35701 35776 35791 35811 35812 35849 35894 35916 35941 35957 35958 35994 35995 36014 36065 36086 36087 36105 36131 36147 36165 36177 36178 36195 36196 36235 36288 36321 36322 36342 36361 36377 36462 36463 36464 36530 36531 36532 36533 36620 36637 36638 36673 36688 36689 36709 36763 36805 36820 36836 36872 36897 36931 36949 36971 36987 36988 37004 37005 37021 37041 37042 37067 37068 37069 37094 37133 37159 37160 37178 37179 37191 37192 37228 37254 37271 37303 37325 37358 37359 37414 37415 37451 37465 37567 37568 37590 37607 37642 37712 37729 37730 37751 37752 37753 37775 37902 37934 37935 37952 37986 38021 38022 38097 38118 38142 38214 38232 38265 38323 38324 38340 38341 38342 38390 38407 38408 38434 38496 38497 38508 38561 38581 38642 38742 38755 38756 38778 38837 38893 38894 38936 39068 39274 39463 39535 39627 
	}
	history = {
		owner = UKR
		
		buildings = {
		}
		
		add_core_of = UKR
	}
	buildings_max_level_factor=1.000
        manpower=1
        state_category = rural
}
