state={
	id=403
	name="STATE_403"
	provinces={
		62 383 486 542 821 948 990 2588 2745 3080 3164 3202 3450 3514 3754 3800 3985 4222 4359 4409 4562 4685 4757 4900 4966 4981 5120 5167 5431 5652 5810 6345 6688 6901 6914 7058 7236 7339 7451 7552 8178 8498 8576 8854 9066 9306 9578 9792 9799 9831 9956 10162 10264 10856 10913 11157 11433 11516 11721 11953 12094 12140 12256 12583 12864 12887 12902 13055 13162 13254 13321 13444 13504 13688 13694 13950 14255 14514 14713 14766 14814 15042 15093 15158 15274 15632 15651 15758 15778 16094 16136 16233 16277 16286 16385 16405 16447 16480 16732 16734 16776 16782 16849 16876 16979 17016 17133 17209 17459 17470 17501 17535 17591 17595 17871 17929 17999 18021 18036 18094 18106 18107 18175 18326 18425 18483 18662 18768 18963 19013 19133 19220 19291 19406 19433 19523 19733 19895 20144 20273 20359 20395 20667 20960 21012 21150 21201 21255 21316 21392 21693 21857 21885 21980 21998 22008 22042 22177 22190 22360 22514 22524 22546 22608 22936 23052 23092 23107 23233 23300 23367 23509 23533 23552 23574 23578 23864 24262 24296 24460 24513 24578 24731 25029 25217 25273 25350 25412 25595 25785 25825 25857 26112 26406 26571 26636 26814 26852 26853 27104 27143 27217 27248 27277 27285 27293 27331 27467 27539 33095 33186 33232 33233 33312 33378 33403 33441 33452 33482 33493 33506 33520 33535 33565 33578 33591 33592 33603 33613 33625 33626 33642 33663 33664 33684 33700 33727 33742 33760 33761 33762 33772 33791 33792 33793 33830 33831 33846 33847 33863 33896 33897 33898 33901 33902 33931 33932 33944 33945 33971 33972 33973 34000 34001 34002 34003 34004 34040 34051 34052 34067 34085 34097 34109 34126 34139 34181 34182 34195 34225 34226 34227 34228 34246 34283 34298 34321 34339 34340 34341 34342 34380 34381 34415 34416 34429 34430 34431 34432 34469 34487 34510 34536 34550 34569 34586 34603 34604 34665 34666 34690 34744 34745 34746 34784 34785 34786 34787 34835 34836 34855 34874 34922 34923 34924 34945 34946 34961 34981 34991 35005 35055 35056 35057 35058 35090 35110 35111 35124 35125 35146 35147 35148 35149 35197 35198 35247 35248 35270 35271 35288 35289 35290 35301 35316 35349 35405 35428 35462 35496 35497 35517 35530 35549 35573 35592 35632 35644 35687 35688 35710 35711 35712 35723 35724 35767 35781 35803 35831 35858 35879 35907 35949 35981 36005 36006 36074 36075 36114 36136 36137 36208 36226 36227 36240 36270 36300 36310 36330 36366 36367 36368 36487 36488 36500 36514 36540 36582 36594 36612 36677 36716 36751 36795 36810 36862 36863 36864 36903 36917 36918 36919 36964 36978 36979 37026 37027 37046 37047 37048 37057 37080 37081 37123 37146 37220 37240 37351 37389 37476 37559 37576 37577 37613 37614 37702 37801 37978 38050 38070 38162 38241 38331 38419 
	}
		
	history = {
		owner = RUS
		
		buildings = {
		}
		
		add_core_of = RUS
	}
    
	buildings_max_level_factor=1.000
        manpower=1
        state_category = rural
}
