state={
	id=404
	name="STATE_404"
	provinces={
		186 220 324 453 780 799 802 896 899 1000 1464 1467 1905 2452 2764 2801 2803 2823 2912 2951 3037 3205 3406 3815 3824 4115 4501 4610 5264 5277 5476 5616 5893 5930 6010 6377 6728 6729 6801 7356 7457 7516 7819 7890 8043 8555 8640 8693 8702 8773 8827 9128 9349 9419 9443 9487 9887 9992 10020 10098 10114 10249 10408 10469 10516 10561 10603 10849 11099 11106 11201 11254 11256 11293 11427 11587 12081 12355 12492 12493 12668 12775 12938 13058 13236 13238 13607 13769 13833 14000 14060 14204 14534 14727 14991 15314 15403 15597 15718 15746 15941 16027 16396 16424 16454 16683 16745 16873 17021 17116 17210 17753 17887 17891 18200 18202 18244 18497 18627 18803 19067 19143 19378 19397 19402 19496 19979 20206 20213 20279 20489 20873 21042 21064 21473 21596 21715 22260 22593 22652 22655 22977 23069 23089 23196 23337 23405 23667 23693 23886 23968 24035 24343 24372 24414 24456 24699 24727 24949 24953 25035 25061 25184 25219 25225 25330 25629 25637 25664 25757 25783 26213 26232 26269 26461 26978 27093 27250 27281 27407 27430 27495 33681 33725 33828 33941 33983 33998 34019 34037 34161 34317 34375 34376 34393 34426 34448 34467 34506 34534 34567 34599 34621 34685 34739 34740 34782 34800 34801 34831 34852 34871 34886 34919 34942 34960 34976 34988 35018 35031 35048 35049 35050 35088 35107 35160 35161 35162 35213 35214 35227 35228 35266 35285 35312 35313 35365 35366 35367 35368 35388 35404 35440 35458 35513 35514 35528 35568 35587 35588 35613 35641 35663 35681 35682 35683 35684 35705 35737 35738 35739 35778 35779 35780 35816 35817 35826 35827 35855 35874 35875 35902 35921 35922 35923 35924 35943 35978 35979 36001 36017 36018 36034 36035 36036 36070 36071 36109 36110 36111 36133 36168 36169 36170 36181 36182 36200 36201 36224 36251 36264 36296 36324 36348 36364 36365 36379 36380 36381 36395 36428 36441 36466 36467 36551 36552 36553 36575 36576 36590 36606 36607 36643 36662 36713 36714 36729 36789 36790 36791 36840 36858 36859 36877 36878 36899 36911 36912 36954 36955 36956 37010 37073 37074 37075 37119 37140 37141 37142 37163 37164 37215 37216 37236 37259 37260 37261 37274 37289 37307 37308 37309 37310 37311 37329 37363 37404 37418 37437 37438 37439 37454 37455 37468 37469 37493 37494 37573 37593 37610 37629 37630 37644 37681 37759 37760 37780 37810 37811 37823 37824 37847 37938 37991 37992 38010 38026 38027 38048 38068 38102 38103 38122 38145 38160 38182 38195 38237 38267 38268 38290 38312 38411 38436 38584 
	}
		
	history = {
		owner = RUS
		
		buildings = {
		}
		
		add_core_of = RUS
	}
    
	buildings_max_level_factor=1.000
        manpower=1
        state_category = rural
}
