state={
	id=406
	name="STATE_406"
	provinces={
		99 206 553 1660 2849 3863 5517 7500 8169 8302 8336 8518 8581 8593 9254 9401 10107 10611 10928 13156 14032 16486 16568 17091 17252 17377 17820 18074 19430 20277 20693 21245 21370 22208 22255 22568 23382 24556 24571 26581 26979 34296 34485 34584 34686 34741 34802 34818 34853 34872 34989 35051 35123 35215 35330 35369 35389 35390 35480 35481 35546 35547 35589 35664 35685 35763 35800 35828 35876 35925 35944 36038 36039 36112 36183 36202 36203 36265 36382 36429 36591 36766 36823 36957 36993 37120 37121 37197 37291 37471 37495 37537 37645 37682 37848 
	}
		
	history = {
		owner = RUS
		
		buildings = {
		}
		
		add_core_of = RUS
	}
    
	buildings_max_level_factor=1.000
        manpower=1
        state_category = rural
}
