state={
	id=407
	name="STATE_407"
	provinces={
		57 255 1540 1658 1988 2331 2466 2693 2940 2955 3022 3250 3743 4632 4767 4969 5505 5546 5705 5764 6420 6473 6489 6537 7026 7265 7513 7673 7831 7928 7949 8603 8679 8908 9508 9779 9814 9964 10438 10756 11215 11261 11397 11452 11511 11630 11645 11933 13491 13514 13715 13841 13919 14033 14424 14495 15080 15172 15478 15789 16048 16082 16269 16891 16958 17204 17259 17640 17710 17885 18049 18302 18486 18641 18722 18732 19227 20084 20096 20340 20348 20894 21119 21162 21281 21521 21871 21902 21949 22230 22763 22767 22800 22997 23241 23249 23279 23330 23346 23500 23528 23626 23695 23854 23890 24493 24502 24587 25118 25247 25298 26220 26424 26559 26702 26895 26962 27296 27297 27474 34364 34538 34553 34669 34697 34712 34726 34751 34768 34859 34860 34877 34889 34906 34948 34994 35007 35008 35037 35063 35095 35113 35150 35166 35219 35231 35232 35305 35320 35332 35395 35407 35431 35466 35467 35500 35501 35519 35537 35552 35553 35576 35620 35621 35622 35650 35671 35672 35714 35747 35748 35749 35785 35786 35837 35882 35883 35908 35933 35968 35988 35989 36007 36097 36142 36156 36190 36211 36229 36241 36242 36272 36273 36334 36355 36369 36387 36400 36416 36417 36434 36435 36504 36518 36519 36543 36585 36586 36598 36629 36665 36666 36700 36701 36718 36719 36755 36756 36757 36775 36813 36848 36867 36886 36887 36888 36889 36941 36998 37034 37060 37105 37151 37152 37153 37168 37169 37280 37337 37372 37431 37444 37459 37460 37561 37562 37584 37666 37722 37786 37832 37890 37891 37911 37960 38033 38055 38056 38074 38131 38166 38204 38242 38258 38279 38378 38397 38398 38446 38589 38590 38607 38771 38813 
	}
	history = {
		owner = UKR
		
		buildings = {
		}
		
		add_core_of = UKR
	}
	buildings_max_level_factor=1.000
        manpower=1
        state_category = rural
}
