state={
	id=408
	name="STATE_408"
	provinces={
		227 249 489 499 855 861 924 1128 1635 2424 2889 2932 4212 4219 4304 4498 5106 5216 5551 5962 6234 6807 6840 7024 7498 7987 7994 8188 8855 9053 9362 9365 9435 9514 9565 9820 9939 10069 10484 10705 10972 11129 11172 11489 11723 11818 12481 12673 13308 13578 13730 13836 14082 14182 14190 14407 14621 14890 14955 14957 15554 15898 15933 16001 16121 16337 16581 16592 16791 16844 16894 16994 17038 17104 17107 17537 17703 17718 18123 18369 18952 19095 19099 19181 19411 19532 20031 20192 20306 20332 20645 20975 20983 21798 21922 22268 22495 23742 23945 24209 24426 24510 24609 24698 24741 25302 25555 25585 25751 25976 26133 26579 26923 27154 27242 34370 34460 34479 34518 34542 34556 34629 34630 34647 34717 34732 34792 34793 34828 34893 34913 34914 34970 34971 35069 35081 35082 35117 35118 35137 35138 35154 35174 35205 35206 35224 35257 35258 35259 35294 35328 35358 35382 35397 35417 35418 35450 35451 35524 35541 35604 35605 35606 35607 35626 35676 35677 35678 35700 35734 35760 35774 35775 35790 35848 35867 35868 35869 35892 35893 35914 35940 35974 36029 36062 36063 36085 36130 36164 36216 36234 36245 36246 36262 36286 36287 36318 36339 36340 36360 36376 36391 36423 36460 36461 36478 36494 36495 36508 36548 36571 36636 36726 36742 36782 36819 36896 36910 36930 36947 36969 37066 37092 37157 37175 37176 37227 37248 37269 37301 37356 37357 37411 37449 37534 37552 37603 37604 37641 37655 37726 37727 37774 37842 37881 37882 37918 37919 38007 38064 38065 38157 38249 38406 38531 38559 38595 38689 38739 38875 39002 39047 39114 39498 
	}
	buildings_max_level_factor=1.000
        manpower=1
        state_category = rural
}
