state={
	id=409
	name="STATE_409"
	provinces={
		207 355 954 2033 2067 2333 2663 3263 4712 6280 7374 7524 8292 8642 9399 10336 10497 11563 11577 11629 11982 12234 13600 13635 15473 15513 16059 16109 16291 16528 16742 17287 17836 17853 18537 18541 18737 19222 21227 21363 21619 21620 21666 21983 23293 24907 24944 25383 25415 26934 26935 27254 27347 27368 27473 33554 33797 33852 34072 34100 34211 34212 34213 34272 34304 34367 34403 34404 34420 34456 34492 34493 34574 34592 34607 34642 34643 34656 34728 34755 34771 34789 34808 34841 34879 34931 34932 34950 35011 35099 35100 35235 35236 35276 35378 35445 35539 35558 35578 35695 35717 35718 35728 35755 35806 35821 35863 35937 36012 36047 36160 36176 36274 36337 36401 36402 36454 36564 36599 36630 36704 36723 36738 36894 37019 37109 37128 37189 37208 37281 37395 37445 37587 
	}
	history = {
		owner = UKR
		
		buildings = {
		}
		
		add_core_of = UKR
	}
	buildings_max_level_factor=1.000
        manpower=1
        state_category = rural
}
