state={
	id=41
	name="STATE_41"
	provinces={
		58 142 195 206 235 257 304 319 321 600 685 749 997 1035 1185 1234 1385 1438 1451 1515 1517 1542 1559 1594 1598 1709 1893 1899 1912 1996 2100 2495 2639 2696 2708 2726 2728 2731 2751 2770 2775 2814 2876 2934 2959 3137 3208 3226 3362 3407 3552 3661 3680 3753 3809 3828 3860 3933 3954 4111 4131 4172 4361 4520 4568 4598 4628 4675 4678 4764 4802 4851 4884 4980 5022 5074 5107 5162 5380 5382 5385 5441 5459 5511 5519 5543 5629 5666 5673 5719 5874 5945 5987 6075 6206 6280 6343 6491 6559 6633 6658 6735 6749 6776 6871 7060 7062 7140 7188 7236 7294 7317 7323 7329 8011 8050 8083 8102 8109 8115 8124 8135 8138 8143 8152 8161 8197 8215 8222 8232 8235 8237 8259 8281 8299 8324 8339 8341 8379 
	}
	buildings_max_level_factor=1.000
        manpower=1
        state_category = town
}
