
state={
	id=41
	name="STATE_41"
	provinces={
		1179 1456 1818 2710 3067 3187 3746 5480 5563 7540 7690 8223 8568 8756 8981 9379 9753 10517 10619 11277 11878 12019 12503 12519 13244 14566 14839 15285 15363 15390 15622 15718 16226 17404 18028 18296 18383 19548 19589 19688 21248 21964 23402 24893 25215 25655 26067 26533 26634 26642 27083 27138 40499 40561 40663 40768 40769 40874 40897 40958 40982 41044 41077 41162 41163 41332 41352 41388 41389 41530 41531 41566 41567 41568 41616 41743 41744 41765 41851 41889 41937 41938 41982 42061 42085 42139 42140 42162 42268 42376 42475 42521 42522 42523 42592 42672 42720 42919 43009 43026 43101 43102 43103 43193 43215 43413 43414 43540 43541 43568 43704 43729 43758 43897 44074 
	}
	history = {
        owner = UKR
		add_core_of = UKR

	}
	
	state_category=town
	manpower=7000
	buildings_max_level_factor=1.000
	local_supplies=0.000
}
