state={
	id=410
	name="STATE_410"
	provinces={
		40 321 937 4174 6123 6490 6704 6828 7357 8075 8405 9038 9305 9355 10152 10798 11633 12595 13437 13821 13900 14420 14684 15443 15503 15574 16413 16669 16934 17030 17188 17245 17356 17435 17673 18426 19010 19204 19410 19712 20794 20917 21426 21517 22028 22168 22832 23186 23618 23891 24246 25293 25772 26205 26735 27161 35877 35961 36002 36090 36113 36149 36184 36266 36326 36410 36442 36538 36554 36577 36578 36579 36608 36697 36698 36715 36730 36746 36767 36768 36879 36880 36881 36882 36913 36935 36958 36959 37011 37055 37056 37184 37198 37199 37217 37237 37238 37275 37312 37313 37330 37364 37365 37385 37386 37405 37419 37472 37538 37554 37574 37575 37717 37718 37735 37736 37781 37865 37922 37923 37939 37955 38124 
	}
		
	history = {
		owner = RUS
		
		buildings = {
		}
		
		add_core_of = RUS
	}
    
	buildings_max_level_factor=1.000
        manpower=1
        state_category = rural
}
