state={
	id=411
	name="STATE_411"
	provinces={
		154 196 272 2723 3269 3359 3772 3895 4096 4492 5306 5895 5999 6147 6978 8630 8695 8832 9754 10173 10909 11291 11635 11743 11950 12059 13210 14434 14916 15532 16106 17429 17632 17635 18286 18865 19186 20126 21870 21942 22019 22133 22240 22457 22626 22813 22989 23362 23427 23736 24148 25308 25470 25839 26463 26525 26856 27001 35041 35168 35169 35323 35324 35334 35335 35432 35489 35521 35522 35559 35597 35623 35653 35654 35729 35807 35822 35842 35843 35886 36013 36059 36099 36100 36122 36123 36124 36193 36275 36276 36277 36278 36371 36372 36403 36419 36455 36456 36473 36474 36526 36565 36617 36631 36652 36705 36724 36739 36799 36800 36801 36815 36830 36849 36850 36895 36942 36984 37000 37035 37036 37110 37171 37172 37246 37282 37283 37397 37446 37447 
	}
	buildings_max_level_factor=1.000
        manpower=1
        state_category = rural
}
