state={
	id=412
	name="STATE_412"
	provinces={
		44 187 398 613 1915 2120 2596 2895 2934 3136 3196 3215 3348 3656 3676 3874 3906 3930 4175 4238 4307 4339 4788 5013 5584 5692 5704 5732 5889 6176 6248 6451 6506 6698 6731 6820 7039 7154 7351 7354 7650 8062 8254 8376 8668 8859 8943 8952 8968 8998 9054 9181 9275 9509 9873 10100 10148 10242 10352 10979 11069 11676 11754 11939 11947 11990 12162 12173 12261 12423 12432 12567 12732 12907 12923 13268 13317 13327 13442 13516 13580 13611 13627 13661 13731 13752 13784 14058 14099 14211 14218 14435 14626 14775 14891 14982 15038 15084 15621 15769 16004 16042 16070 16180 16217 16262 16401 16724 16840 16864 17044 17088 17097 17509 17510 18004 18141 18336 18548 18611 18660 18859 18939 19059 19112 19319 19342 19465 19573 19623 19661 19686 20101 20178 20200 20360 20374 20479 20665 20958 21028 21073 21103 21204 21211 21271 21312 21313 21391 21637 21780 22016 22069 22072 22232 22352 22383 22452 22455 22577 22665 22700 22772 22780 23116 23191 23264 23292 23324 23421 23607 23615 23704 23768 23781 23797 23818 23973 24203 24228 24290 24293 24310 24315 24393 24730 24793 24863 24874 24966 25079 25167 25195 25234 25294 25335 25341 25413 25500 25749 25896 25957 26044 26135 26252 26346 26653 26887 26970 26972 27039 34908 34928 34929 35023 35064 35151 35221 35333 35354 35355 35375 35376 35377 35409 35410 35411 35444 35487 35488 35502 35503 35538 35555 35556 35557 35596 35634 35652 35693 35694 35716 35753 35754 35770 35787 35819 35820 35840 35841 35861 35862 35884 35885 35935 35936 35953 35954 35969 35970 35991 35992 35993 36009 36010 36011 36023 36046 36080 36081 36120 36121 36158 36159 36175 36191 36192 36302 36303 36316 36356 36357 36358 36370 36418 36453 36470 36471 36472 36492 36505 36521 36522 36523 36524 36525 36562 36563 36616 36651 36702 36703 36722 36736 36737 36777 36798 36892 36893 36922 36923 36924 36968 37017 37018 37085 37086 37107 37108 37127 37154 37155 37205 37206 37207 37296 37320 37338 37339 37340 37353 37375 37376 37377 37461 37462 37485 37502 37525 37526 37527 37528 37529 37547 37548 37549 37564 37586 37618 37669 37670 37703 37704 37705 37706 37723 37745 37803 37835 37836 37854 37872 37896 37962 37963 37964 38000 38058 38059 38134 38154 38167 38188 38206 38207 38208 38245 38334 38335 38336 38351 38361 38380 38428 38447 38486 38487 38521 38522 38548 38556 38576 38608 38632 38685 38700 38723 38724 38751 38833 38834 38869 38886 38904 38905 38906 38946 38962 39013 39037 39038 39108 39129 39177 39197 39208 39222 39288 39302 39320 39364 39416 39576 39596 39619 39620 39639 39640 39698 39699 39741 39742 39769 39820 39849 39910 39919 39988 40006 40079 40155 40171 40211 40264 40326 40327 40340 40341 40483 40539 40571 40617 40689 40704 40785 40832 40868 41001 41057 
	}
	buildings_max_level_factor=1.000
        manpower=1
        state_category = rural
}
