state={
	id=413
	name="STATE_413"
	provinces={
		168 376 682 860 902 993 1125 1211 1284 1425 2155 2157 2376 2711 2844 3020 3061 3070 3187 3237 3326 3336 3411 3431 3497 3498 3737 3889 3986 4099 4328 4335 4372 4389 4647 4652 4654 4662 4886 4920 5018 5081 5248 5280 5336 5603 5622 5885 6082 6249 6329 6523 6575 6645 6769 7003 7075 7078 7267 7436 7575 7844 7996 8112 8175 8198 8462 8478 8787 8810 8942 8989 9141 9393 9643 9701 9791 9936 9954 10276 10365 10432 10463 10532 10686 10720 10815 10959 11018 11025 11216 11273 11300 11357 11690 11776 11829 11966 12201 12336 12482 12716 12765 12792 12867 12910 13003 13073 13113 13181 13501 13596 13695 13756 13789 14309 14511 14652 14663 14664 15070 15096 15206 15372 15688 15780 15936 15968 16008 16092 16243 16265 16276 16338 16419 16460 16521 16644 16692 16729 16795 16837 17169 17389 17447 17802 17895 18104 18130 18275 18277 18310 18368 18370 18443 18591 18766 18882 18903 19045 19383 19386 19392 19545 19633 19672 19689 19711 19727 19771 19816 19983 20089 20105 20166 20487 20608 20664 20675 20722 20745 20770 20810 20824 20912 21043 21120 21740 21743 21750 21895 21935 22017 22086 22124 22350 22373 22477 22811 22882 22895 23096 23207 23223 23250 23721 23792 23895 24196 24220 24283 24461 24495 24593 24658 24728 24885 24893 24916 24924 24939 24945 25010 25484 25551 25669 25791 25810 25845 25880 25925 26143 26152 26304 26343 26426 26553 26707 26722 26843 26849 26861 27007 27214 27244 27270 27408 27453 27456 27482 35112 35131 35165 35251 35273 35303 35430 35463 35498 35550 35593 35617 35647 35769 35783 35835 35931 35932 35965 35966 35985 35986 36020 36076 36077 36095 36115 36138 36153 36173 36253 36254 36312 36313 36352 36353 36413 36414 36415 36433 36450 36451 36489 36501 36502 36517 36595 36596 36613 36614 36649 36678 36699 36752 36753 36772 36773 36796 36845 36846 36865 36866 36904 36905 36920 36939 36996 37014 37029 37030 37031 37049 37102 37103 37104 37124 37125 37185 37221 37241 37242 37265 37279 37292 37370 37371 37390 37391 37392 37407 37423 37424 37425 37426 37427 37442 37478 37479 37521 37522 37543 37560 37578 37579 37580 37595 37596 37597 37615 37637 37638 37663 37683 37719 37740 37741 37766 37767 37783 37814 37829 37830 37831 37868 37869 37870 37888 37889 37907 37908 37925 37926 37927 37928 37941 37995 38013 38014 38015 38016 38031 38051 38052 38053 38054 38090 38109 38110 38163 38164 38185 38198 38199 38200 38222 38223 38275 38294 38349 38359 38360 38374 38375 38396 38442 38443 38444 38464 38465 38481 38518 38519 38543 38544 38545 38569 38586 38605 38627 38655 38698 38719 38720 38748 38788 38789 38790 38791 38809 38810 38811 38845 38881 38882 38883 38899 38900 38924 38943 38944 38959 38975 38990 39011 39030 39060 39075 39076 39103 39125 39126 39149 39191 39192 39221 39284 39285 39314 39360 39361 39381 39382 39403 39451 39452 39491 39492 39505 39525 39573 39634 39635 39676 39677 39737 39738 39754 39779 39813 39814 39847 39868 39888 39889 39966 39984 40019 40041 40061 40135 40169 40189 40358 40374 40375 40461 40462 40633 40656 40779 40877 40878 40905 40936 40937 40976 41074 41112 41146 41271 
	}
	history = {
		owner = POL
		
		buildings = {
		}
		
		add_core_of = POL
	}
	buildings_max_level_factor=1.000
        manpower=1
        state_category = rural
}
