state={
	id=414
	name="STATE_414"
	provinces={
		1320 1619 2044 2867 3347 3595 3933 4252 5092 5285 5433 5457 5644 5724 6350 6429 7807 7963 8006 9464 9513 9726 12070 13012 13129 13399 13859 14001 14796 15490 15500 15614 16185 16655 16735 16790 16944 17077 17736 17829 18435 18654 19219 19313 19628 20007 20086 20469 20480 20839 21060 21067 21140 22141 22142 22376 22472 22597 23513 23595 23807 24028 24271 24458 24900 25358 25787 26235 26667 26748 27420 35391 35482 35515 35665 35686 35707 35829 35830 35904 35963 36040 36186 36237 36351 36485 36539 36555 36609 36625 36663 36731 36748 36769 36770 36793 36824 36842 36884 36914 36938 36961 36962 36963 37012 37013 37076 37100 37101 37122 37144 37145 37200 37201 37277 37314 37331 37368 37387 37420 37441 37457 37496 37497 37555 37556 37557 37612 37646 37657 37658 37697 37738 37739 37798 37799 37825 37826 37849 37906 37956 37957 37975 37993 38146 38147 38184 38272 38313 38328 38346 38462 38477 38503 38601 38650 38761 38942 39146 39336 
	}
	buildings_max_level_factor=1.000
        manpower=1
        state_category = rural
}
