state={
	id=415
	name="STATE_415"
	provinces={
		39 293 328 680 764 796 1439 1608 1924 2263 2314 2506 2572 2577 2587 3635 3669 3868 3892 4443 4461 4934 4965 5098 5184 5441 5541 5715 5806 5980 6019 6268 6486 6829 7703 7942 8031 8124 8412 8531 8641 8666 9125 9180 9236 9382 9474 9475 9507 9773 9872 9899 10168 10178 10442 10585 10858 10924 10961 11027 11148 11370 11483 11552 11609 11843 11879 12043 12372 12552 12580 12702 12833 12951 12955 13138 13834 13861 13885 13906 14167 14339 14356 14583 14685 14849 14903 15429 15515 15960 16091 16477 16797 16848 16959 17144 17172 17190 17196 17219 17390 17544 17872 18071 18676 19205 19482 19527 19560 19731 19910 19960 20021 20399 20597 20984 21190 21298 21341 21570 21577 21938 21989 22018 22031 22113 22354 22494 22505 22585 22726 22765 22768 22814 22952 23133 23167 23284 23372 23463 23789 23791 24191 24255 24352 24780 24842 24915 25052 25058 25148 25152 25218 25456 25712 25752 25798 26222 26647 26987 26996 27091 27123 27369 27402 35572 35709 35744 35878 35947 35948 36056 36134 36135 36187 36207 36239 36269 36299 36383 36397 36411 36446 36447 36557 36558 36559 36581 36593 36646 36664 36733 36749 36750 36825 36843 36844 36860 36861 36885 36901 36902 36915 36916 36977 36995 37045 37077 37078 37079 37165 37202 37218 37219 37263 37264 37278 37332 37333 37334 37350 37388 37406 37421 37474 37475 37517 37518 37519 37520 37539 37540 37541 37558 37594 37634 37635 37647 37659 37660 37698 37699 37700 37701 37764 37765 37782 37800 37813 37827 37828 37850 37851 37867 37886 37940 37958 37959 37976 37977 37994 38029 38069 38108 38126 38127 38128 38148 38149 38220 38221 38239 38240 38255 38256 38273 38274 38293 38315 38330 38372 38373 38416 38417 38418 38463 38479 38505 38516 38517 38553 38554 38566 38585 38602 38603 38604 38651 38652 38653 38654 38683 38697 38718 38762 38763 38764 38786 38787 38828 38829 38844 38863 38880 38919 38920 38921 38957 38958 38974 39009 39057 39072 39073 39099 39100 39122 39123 39173 39219 39220 39243 39260 39261 39262 39279 39280 39281 39297 39311 39357 39358 39393 39429 39430 39489 39490 39554 39572 39589 39590 39591 39592 39613 39631 39655 39714 39715 39753 39777 39795 39812 39861 39862 39863 39907 39937 39958 40037 40038 40059 40108 40166 40188 40225 40259 40282 40356 40399 40479 40480 40512 40533 40582 40601 40652 40852 40994 41125 
	}
		
	history = {
		owner = RUS
		
		buildings = {
		}
		
		add_core_of = RUS
	}
    
	buildings_max_level_factor=1.000
        manpower=1
        state_category = rural
}
