state={
	id=416
	name="STATE_416"
	provinces={
		503 2388 2422 2675 3370 3382 3604 3688 3745 4629 5343 5410 5524 5649 5826 5942 6545 6998 7224 7461 7618 7686 7786 8529 8770 9030 9042 9163 9407 9838 10194 10347 10598 10608 11211 11388 11494 11865 11962 12512 12533 12982 13989 14244 15183 15253 15524 15617 15669 15783 15990 16005 16599 17179 17414 17781 17920 17982 18185 18221 18292 18436 18491 18778 19255 19658 19802 19861 20081 20346 20363 20590 20591 20668 21121 21236 21643 22026 22159 22341 22366 22398 22413 22414 22760 23030 23166 23269 23364 23537 23684 24120 24711 25060 25427 25645 25682 25797 26132 26190 26314 27182 27362 35856 35962 35980 36004 36019 36055 36151 36185 36225 36236 36297 36308 36309 36327 36349 36350 36430 36443 36481 36482 36483 36484 36513 36580 36592 36624 36644 36645 36676 36747 36808 36809 36841 36883 36936 36937 36960 36994 37044 37098 37099 37143 37239 37276 37366 37367 37440 37456 37473 37611 37632 37633 37737 37761 37762 37763 37812 37905 37974 38089 38106 38107 38183 38238 38270 38271 38371 38415 38460 38461 38541 38542 38626 38665 38714 38715 38716 38717 38807 38843 38918 38955 39027 39028 39096 39097 39144 39145 39169 39170 39240 39241 39294 39295 39354 39355 39379 39409 39427 39466 39467 39522 39541 39571 39587 39588 39612 39653 39752 39774 39811 39913 39914 39915 39934 39999 40086 40107 40121 40185 40280 40291 40440 40532 40597 40631 40700 40725 40746 40798 40827 
	}
		
	history = {
		owner = RUS
		
		buildings = {
		}
		
		add_core_of = RUS
	}
    
	buildings_max_level_factor=1.000
        manpower=1
        state_category = rural
}
