state={
	id=417
	name="STATE_417"
	provinces={
		27 630 668 693 1018 1099 1332 1442 1550 1572 1655 1782 1874 1968 1989 2390 2521 2568 2812 2828 2881 2897 2911 2976 3239 3333 3499 3508 3524 3540 3640 3671 3810 3857 3923 4086 4102 4210 4370 4475 4687 4860 4908 4984 5044 5602 5614 5751 5815 5854 6020 6092 6276 6281 6302 6346 6356 6739 6837 6976 7122 7141 7211 7249 7372 7492 7699 7882 8123 8312 8384 8419 8707 8898 8909 8939 9077 9080 9167 9255 9356 9534 9541 9570 9744 9768 9805 9839 9869 9914 10099 10606 10888 11078 11079 11243 11249 11368 11472 11686 11695 11847 11851 11924 11958 11971 12119 12166 12205 12216 12288 12289 12577 12769 12776 12916 13097 13116 13476 13581 13812 14030 14158 14319 14329 14365 14415 14537 14593 14697 14818 14971 14992 15016 15120 15290 15330 15391 15441 15476 15556 15704 15706 15726 16022 16209 16449 16532 16586 16748 16847 16899 17163 17234 17467 17468 17496 17613 17740 17755 17773 17804 17849 17908 18022 18055 18196 18282 18410 18415 18450 18762 18789 18792 19004 19106 19169 19226 19270 19324 19367 19381 19479 19682 19709 19755 19793 19921 19942 19949 20015 20248 20372 20436 20450 20506 20595 20647 20801 20826 20877 20982 21027 21105 21154 21188 21196 21359 21470 21545 21595 21622 21642 21800 21856 21874 22073 22192 22379 22530 22865 22874 22980 22987 23018 23060 23093 23194 23289 23305 23311 23437 23455 23478 23548 23855 24013 24071 24088 24115 24126 24340 24360 24500 24567 24605 24637 24667 24757 24769 24821 25015 25095 25147 25204 25231 25280 25402 25425 25482 25493 25514 25561 25600 25627 25644 25663 25692 25707 25829 25854 25892 25904 25914 25964 25971 26012 26031 26063 26076 26079 26114 26244 26501 26539 26605 26663 26981 27068 27119 27163 27201 27225 27232 27335 27416 27489 35657 35870 35915 36064 36146 36319 36320 36341 36424 36496 36529 36671 36672 36687 36783 36804 36852 36871 36948 36970 37040 37052 37053 37093 37131 37132 37158 37177 37249 37250 37251 37252 37253 37270 37302 37324 37344 37402 37412 37413 37450 37489 37508 37509 37589 37605 37606 37623 37624 37625 37711 37728 37750 37796 37807 37820 37843 37883 37900 37901 37932 37933 37949 37950 37951 37985 38020 38042 38043 38044 38084 38085 38096 38117 38138 38139 38140 38141 38172 38173 38193 38213 38229 38230 38231 38250 38264 38286 38287 38305 38322 38338 38339 38354 38387 38388 38389 38432 38433 38455 38456 38532 38533 38549 38560 38580 38596 38616 38617 38618 38641 38660 38661 38675 38690 38691 38692 38693 38708 38709 38727 38728 38740 38741 38754 38777 38800 38801 38802 38820 38821 38857 38876 38890 38891 38892 38913 38914 38934 38935 38951 38952 38964 38981 38982 39003 39017 39048 39049 39066 39067 39086 39087 39115 39116 39117 39138 39139 39159 39160 39182 39183 39184 39212 39229 39230 39231 39255 39256 39257 39270 39271 39272 39273 39290 39291 39327 39369 39370 39389 39390 39399 39406 39421 39443 39459 39460 39461 39462 39499 39500 39534 39550 39551 39564 39584 39601 39602 39603 39624 39625 39626 39646 39664 39684 39685 39706 39727 39760 39761 39762 39763 39772 39773 39804 39805 39806 39807 39827 39828 39829 39840 39841 39842 39853 39854 39880 39924 39925 39926 39927 39928 39948 39992 39993 40014 40027 40028 40048 40070 40071 40099 40100 40115 40128 40129 40144 40145 40146 40196 40216 40236 40237 40269 40270 40271 40289 40318 40319 40331 40332 40350 40362 40363 40364 40385 40386 40410 40431 40432 40433 40450 40451 40468 40469 40470 40488 40489 40506 40507 40523 40543 40544 40545 40561 40592 40608 40643 40644 40661 40675 40706 40718 40719 40739 40740 40752 40770 40771 40792 40809 40823 40837 40872 40892 40893 40894 40945 40964 41011 41026 41065 41083 41084 41098 41134 41135 41172 41173 41191 41231 41243 41289 41305 41306 41331 41332 41396 41397 41414 41434 41452 41481 41527 41593 41594 41651 41708 41779 41805 41922 41953 41954 41969 42024 42079 42128 42129 42259 42298 42697 
	}
	buildings_max_level_factor=1.000
        manpower=1
        state_category = rural
}
