state={
	id=418
	name="STATE_418"
	provinces={
		47 217 247 407 740 1025 1103 1321 1664 1701 1740 1763 1912 2347 3122 3443 3721 3922 4111 4191 4193 4381 4397 5156 5382 5383 5448 5814 6501 6604 6757 6792 6967 6977 7201 7303 7628 7835 7991 8242 8393 8464 8542 8625 8846 9017 9069 9096 9107 9409 9552 9562 9751 10018 10030 10228 10298 10388 10986 11050 11375 11406 11553 11581 11603 11828 12034 12115 12120 12125 12404 12468 12680 13090 13281 13388 13448 13520 13577 14023 14039 14056 14089 14129 14239 14272 14274 14291 14344 14645 14936 14964 15294 15338 15580 15623 15647 15659 15775 15822 15858 16078 16162 16219 16249 16340 16377 16416 16456 16558 16588 16881 16988 17423 17489 17652 18111 18121 18380 18412 18460 18697 18930 18957 18968 19015 19284 19389 19556 19625 19650 19759 19772 19810 20000 20032 20083 20117 20127 20139 20148 20163 20384 20401 20403 20455 20682 20761 20774 20790 20884 20992 21041 21126 21315 21618 21640 21675 21756 21884 22013 22035 22046 22057 22080 22274 22301 22474 22475 22653 22913 22990 23031 23154 23201 23404 23418 23637 23815 23881 23951 24002 24018 24026 24194 24387 24610 24817 24859 24904 25068 25162 25170 25208 25589 25654 25711 25893 25913 26542 26543 26655 26686 26851 26997 27021 27183 27322 27358 27391 27463 36811 37082 37369 37422 37458 37477 37542 37636 37661 37662 37887 37924 37979 38030 38071 38072 38150 38197 38348 38395 38420 38421 38441 38480 38567 38568 38667 38747 38765 38830 38922 38923 39010 39029 39058 39059 39074 39101 39102 39124 39148 39174 39244 39245 39282 39283 39312 39359 39410 39411 39412 39450 39504 39524 39656 39657 39675 39846 39864 39865 39866 39916 40001 40002 40039 40040 40123 40134 40167 40168 40204 40205 40260 40295 40323 40324 40337 40338 40357 40418 40419 40442 40460 40496 40513 40514 40515 40534 40535 40653 40654 40666 40685 40686 40702 40747 40801 40853 40972 41018 41019 41111 41145 41160 41199 41200 41237 41252 41281 41298 41339 41375 41404 41427 41441 41442 41459 41460 41471 41511 41512 41558 41603 41604 41622 41623 41640 41641 41677 41716 41733 41765 41766 41792 41793 41794 41813 41814 41815 41824 41859 41890 41891 41910 41942 41961 41976 42008 42052 42053 42054 42084 42158 42205 42227 42228 42250 42267 42282 42330 42344 42345 42361 42394 42395 42416 42437 42455 42525 42526 42591 42592 42610 42630 42648 42649 42672 42687 42705 42742 42766 42767 42790 42807 42841 42878 42892 42893 42894 42895 42952 42973 42990 43004 43030 43031 43052 43064 43083 43084 43100 43101 43151 43152 43153 43221 43253 43254 43296 43311 43346 43347 43381 43422 43423 43467 43468 43483 43567 43619 43637 43638 43684 43748 43829 43870 44010 44033 44127 44128 44227 44323 
	}
		
	history = {
		owner = RUS
		
		buildings = {
		}
		
		add_core_of = RUS
	}
    
	buildings_max_level_factor=1.000
        manpower=1
        state_category = rural
}
