state={
	id=419
	name="STATE_419"
	provinces={
		84 263 319 342 370 519 597 771 915 1021 1067 1093 1186 1372 1390 1414 1545 2098 2173 2197 2350 2391 2524 2539 2541 2554 2646 2671 3050 3123 3162 3201 3236 3305 3317 3337 3490 3620 3773 4337 4410 4439 4542 4601 4604 4790 4916 4922 5095 5143 5147 5201 5226 5239 5281 5666 5678 5684 5750 5777 5786 5874 6086 6200 6301 6328 6340 6388 6413 6437 6568 6661 6691 6773 7126 7326 7371 7379 7582 7768 7777 7797 7832 7837 7950 7984 8060 8140 8160 8355 8382 8396 8426 8587 8595 8673 8680 8828 8950 9083 9120 9155 9364 9537 9625 9710 9757 9771 9818 9948 9949 10058 10083 10192 10504 10627 10742 10764 10874 11065 11066 11084 11100 11116 11360 11403 11646 11682 11684 11767 11850 11974 12019 12079 12155 12209 12221 12290 12475 12554 12594 12692 12714 12723 12840 12947 13022 13169 13267 13294 13345 13383 13472 13523 13729 13777 13787 13894 13911 14046 14108 14302 14530 14637 14689 14712 14778 14858 14900 14963 15011 15075 15101 15192 15238 15259 15322 15516 15657 15682 16013 16170 16214 16402 16647 16772 16784 16828 17046 17076 17224 17260 17305 17834 17915 17964 17977 18010 18041 18180 18290 18364 18371 18377 18466 18669 18816 19130 19162 19315 19417 19447 19595 19722 19865 19993 20056 20233 20251 20470 20476 20507 20518 20637 20708 20781 20817 20843 20878 20957 20972 21132 21146 21166 21173 21350 21406 21417 21539 21747 21784 21881 21984 22003 22129 22213 22238 22278 22325 22442 22490 22499 22551 22746 22769 22958 23007 23027 23231 23428 23445 23522 23535 23801 23814 23853 23893 23936 23962 23972 23985 24051 24097 24285 24475 24494 24635 24674 24806 24824 24830 24860 24948 25054 25244 25373 25545 25605 25662 25773 25834 25858 25901 25911 25934 26017 26081 26166 26354 26425 26570 26648 26685 26712 26725 26786 26886 26913 26927 26994 27196 27199 27288 27499 35464 35575 35594 35619 35649 35691 35727 35746 35784 35860 35881 35952 35987 36021 36057 36058 36078 36117 36118 36141 36154 36155 36189 36210 36228 36255 36256 36314 36332 36333 36354 36386 36399 36468 36503 36584 36597 36615 36628 36680 36681 36682 36683 36717 36735 36754 36774 36797 36828 36847 36906 36907 36940 36980 36981 36982 36983 36997 37032 37033 37058 37059 37083 37147 37148 37149 37150 37167 37186 37222 37243 37244 37293 37315 37316 37317 37335 37336 37393 37428 37429 37430 37443 37480 37481 37482 37498 37499 37500 37544 37545 37581 37582 37583 37598 37599 37616 37648 37664 37665 37684 37685 37720 37721 37742 37768 37784 37785 37802 37815 37852 37853 37909 37910 37929 37942 37943 37980 37996 37997 37998 38032 38073 38091 38092 38093 38129 38130 38151 38152 38165 38186 38187 38201 38202 38203 38257 38276 38277 38278 38295 38316 38317 38318 38319 38332 38350 38376 38377 38422 38423 38424 38445 38482 38483 38520 38546 38555 38570 38571 38587 38588 38606 38628 38656 38657 38699 38721 38734 38766 38767 38768 38769 38792 38812 38831 38846 38864 38865 38884 38885 38901 38902 38925 38945 38960 38976 38977 38991 38992 39012 39031 39032 39033 39061 39062 39077 39104 39105 39127 39150 39151 39175 39176 39193 39206 39246 39264 39286 39298 39299 39315 39338 39339 39362 39383 39384 39395 39414 39431 39432 39433 39434 39435 39453 39493 39506 39542 39543 39544 39556 39557 39558 39574 39593 39594 39595 39614 39615 39636 39637 39659 39716 39739 39755 39767 39796 39797 39815 39816 39848 39869 39870 39890 39891 39939 39967 39985 40003 40004 40020 40021 40042 40062 40063 40064 40090 40136 40137 40170 40210 40227 40246 40283 40325 40359 40376 40377 40378 40401 40420 40421 40422 40445 40463 40481 40482 40537 40556 40557 40558 40568 40569 40584 40604 40616 40634 40657 40668 40711 40729 40764 40780 40781 40782 40831 40855 40879 40880 40881 40906 40938 40957 40996 41036 41054 41055 41092 41093 41126 41162 41182 41223 41224 41253 41272 41273 41300 41340 41341 41356 41444 41473 41493 41513 41536 41572 41659 41660 41661 41680 41681 41718 41737 41796 41826 41841 41862 41944 41978 42013 42014 42056 42085 42160 42176 42177 42230 42312 42347 42418 42458 42528 42544 42707 42860 
	}
	buildings_max_level_factor=1.000
        manpower=1
        state_category = rural
}
