
state={
	id=42
	name="STATE_42"
	provinces={
		754 1143 2827 3529 3904 4760 8036 8235 8498 9985 10568 10949 11837 11921 12204 13431 13558 14418 14511 14717 15149 15254 15714 15958 15975 16723 16805 16871 17277 19191 19240 19982 20047 20082 20244 20528 20622 20822 20866 20978 21191 21301 22432 22718 22739 22756 22935 23392 24848 25649 25752 25775 26320 37837 37911 37993 38009 38160 38205 38222 38241 38406 38444 38640 38796 38814 38815 38849 39038 39187 39210 39250 39387 39449 39565 39566 39606 39732 39752 39831 39900 39901 39952 40032 40033 40245 40246 40273 40306 40409 40481 40482 40536 40767 40872 40873 40919 41076 41097 41205 
	}
	history = {
        owner = UKR
		add_core_of = UKR

	}

	state_category=town
	manpower=7930
	buildings_max_level_factor=1.000
	local_supplies=0.000
}
