state={
	id=42
	name="STATE_42"
	provinces={
		1013 1155 1524 2360 2455 2531 3275 4108 5195 5198 5344 5347 5618 5916 7727 7895 8241 8343 8915 9103 10090 10846 10937 10970 11402 11619 12542 12628 12912 13691 13761 14126 14154 14363 14426 14474 15884 17690 17770 18016 18303 18332 18480 19032 19608 19687 19894 20025 20073 20115 20570 21548 21597 22324 22841 22970 23536 23970 24773 25455 25736 25915 26871 26998 27130 33380 33422 33466 33594 33773 33849 33903 33904 33963 33975 34054 34070 34205 34206 34207 34230 34253 34254 34287 34345 34385 34398 34399 34417 34454 34552 34588 34589 34590 34605 34695 34696 34766 34767 34806 34858 34888 34905 34947 34966 34993 35061 35062 35076 35093 35094 35132 35199 35274 35275 35291 35353 35374 35443 35465 35499 35536 35551 35670 35692 
	}
	buildings_max_level_factor=1.000
        manpower=1
        state_category = rural
}
