state={
	id=420
	name="STATE_420"
	provinces={
		306 330 2096 2281 2283 3059 3365 3511 3997 4630 4754 5169 5543 5776 5811 7143 8161 9100 9127 9160 9272 9295 9855 10067 10466 11194 11217 11626 12364 13328 13844 14276 14479 14653 14928 15232 15475 15946 16198 16302 17003 17471 17504 17607 17898 18090 18366 18653 18864 19914 19964 20235 20380 21261 21694 21836 22058 22200 22447 22584 22838 22859 23123 23420 23457 23549 23986 24332 24740 24754 24786 25037 25377 25497 25769 25781 26022 26280 26621 26808 27216 27471 38079 38135 38190 38191 38262 38364 38469 38490 38526 38527 38610 38637 38671 38703 38704 38705 38725 38773 38774 38815 38816 38850 38872 38908 38909 38910 38930 38948 38963 38998 39015 39040 39111 39130 39131 39156 39178 39179 39180 39250 39303 39304 39324 39342 39343 39365 39388 39419 39474 39509 39510 39511 39527 39528 39529 39548 39599 39642 39682 39702 39703 39743 39802 39821 39851 39877 39878 39895 39912 40009 40025 40026 40066 40112 40174 40175 40316 40329 40382 40407 40467 40503 40521 40572 40573 40621 40637 40692 40693 40705 40733 40789 40790 40887 40888 41081 
	}
	history = {
		owner = UKR
		
		buildings = {
		}
		
		add_core_of = UKR
	}
	buildings_max_level_factor=1.000
        manpower=1
        state_category = rural
}
