state={
	id=421
	name="STATE_421"
	provinces={
		245 449 798 812 976 1108 1447 1688 1770 1825 1878 1903 1969 1973 2643 2705 2737 2741 2870 2936 3114 3142 3310 3432 3459 3543 3742 3797 3927 3967 4070 4155 4253 4407 4422 4546 4589 4677 4784 4791 4848 4875 5250 5270 5408 5411 5474 5483 5804 5834 6075 6163 6208 6304 6454 6749 6849 6856 7275 7276 7503 7548 7572 7594 7711 7760 7842 8371 8430 8591 8643 8686 8790 8847 9340 9601 9679 9687 9759 9812 10139 10244 10250 10255 10473 10514 10664 10674 10707 10862 10878 10908 10922 11005 11102 11167 11627 11655 11840 11949 11996 12032 12181 12320 12396 12484 12589 12612 12665 12933 13020 13132 13239 13707 13957 14271 14325 14642 14706 14836 15030 15039 15118 15275 15394 15455 15507 15793 15838 15928 15955 15988 16011 16158 16247 16314 16426 16470 16534 16587 16602 16639 16691 16760 16998 17036 17042 17093 17110 17140 17175 17215 17216 17408 17421 17576 17600 17627 17728 17856 17868 18101 18242 18382 18456 18475 18521 18692 18749 18820 19148 19191 19361 19434 19488 19490 19528 19569 19591 19725 19859 20138 20181 20223 20254 20353 20516 20544 20569 20598 20871 20929 21019 21411 21495 21658 21732 21760 21819 21953 22027 22033 22293 22483 22638 22798 23450 23600 23627 23800 23828 23897 23983 24008 24140 24179 24230 24292 24418 24451 24710 24747 24784 24840 24934 24946 25000 25236 25343 25360 25400 25504 25573 25678 25765 25774 25902 25968 26178 26259 26342 26366 26379 26397 26478 26547 26595 26597 26696 26754 26795 26820 26905 27134 27316 27428 27531 36720 36776 36814 36829 36890 36921 36966 36967 36999 37015 37016 37050 37084 37106 37126 37170 37187 37188 37245 37266 37294 37295 37318 37319 37352 37373 37374 37394 37408 37483 37484 37501 37523 37524 37546 37563 37585 37617 37649 37650 37651 37667 37668 37686 37687 37688 37743 37744 37769 37787 37816 37833 37834 37871 37892 37893 37894 37895 37912 37913 37944 37945 37961 37981 37982 37999 38017 38018 38034 38057 38075 38076 38077 38111 38132 38133 38153 38205 38243 38244 38259 38296 38320 38333 38379 38399 38400 38425 38426 38427 38466 38484 38485 38547 38572 38573 38574 38575 38591 38629 38630 38631 38668 38684 38722 38749 38750 38793 38794 38795 38832 38847 38848 38866 38867 38868 38903 38926 38927 38928 38978 38979 38993 38994 38995 38996 39035 39036 39107 39128 39153 39154 39194 39195 39196 39207 39247 39287 39301 39316 39317 39318 39319 39340 39385 39396 39415 39436 39471 39494 39545 39546 39559 39560 39575 39618 39638 39660 39678 39679 39717 39718 39719 39740 39756 39768 39799 39800 39817 39818 39819 39837 39873 39892 39893 39908 39909 39941 39942 39968 39969 39970 39987 40005 40022 40023 40078 40091 40092 40109 40124 40138 40190 40191 40192 40229 40230 40263 40298 40339 40360 40423 40424 40446 40465 40499 40518 40538 40560 40570 40586 40587 40605 40659 40713 40714 40732 40765 40766 40784 40803 40804 40814 40883 40909 40910 40928 40939 40958 40977 41000 41039 41077 41095 41128 41148 41185 41240 41256 41257 41258 41259 41301 41302 41321 41322 41358 41359 41429 41430 41445 41446 41476 41477 41495 41538 41539 41575 41576 41590 41606 41625 41685 41686 41698 41720 41738 41771 41843 41865 41877 41894 41895 41912 41913 41934 42017 42034 42060 42073 42090 42091 42120 42143 42162 42178 42254 42255 42270 42333 42334 42349 42365 42398 42440 42441 42442 42459 42506 42530 42545 42566 42614 42675 42689 42724 42725 42794 42830 42846 42865 43013 43037 43038 43087 43123 43174 43175 43258 43351 43352 43366 43406 43535 43552 43573 43729 43813 43956 
	}
	history = {
		owner = UKR
		
		buildings = {
		}
		
		add_core_of = UKR
	}
	buildings_max_level_factor=1.000
        manpower=1
        state_category = rural
}
