state={
	id=422
	name="STATE_422"
	provinces={
		126 160 1564 1845 2065 2102 2372 2580 2862 3225 3622 3999 4007 4110 4159 4242 4490 4764 5321 5375 5401 6474 6776 6796 6939 7171 7305 7576 7873 8611 9074 9273 9612 9664 9761 9857 10198 10261 10286 10436 10440 10877 11200 11251 11362 11858 12374 12431 12458 12534 13489 13720 13722 13778 13955 13990 14052 14065 14139 14251 14268 14310 14527 14708 14906 14974 15085 15179 15336 15797 15834 16222 16253 16476 17336 18046 18193 18197 18433 18493 18539 18549 18720 18976 19140 19183 19307 19631 20240 20295 20835 21094 21167 21207 21287 21710 22196 22280 22289 22340 22498 22634 22651 22905 22917 23152 23526 23623 23649 23707 23776 23948 24133 24333 25146 25633 25883 26128 26444 26469 26485 26608 26917 27424 27527 37631 37714 37715 37716 37863 37864 38011 38087 38104 38105 38123 38161 38253 38254 38291 38292 38327 38357 38369 38394 38413 38437 38438 38439 38440 38459 38476 38502 38514 38537 38538 38539 38540 38599 38600 38625 38649 38663 38664 38695 38696 38713 38732 38733 38745 38746 38783 38784 38806 38827 38841 38842 38860 38877 38898 38916 38917 38968 38969 38970 39007 39008 39025 39026 39053 39054 39055 39071 39095 39120 39167 39168 39188 39189 39190 39204 39217 39218 39237 39238 39259 39276 39277 39278 39350 39351 39352 39377 39400 39401 39402 39408 39449 39487 39518 39519 39520 39539 39553 39569 39570 39586 39651 39652 39671 39672 39673 39692 39711 39712 39732 39749 39750 39751 39789 39790 39791 39834 39858 39904 39905 39932 39933 39954 39965 40033 40034 40056 40057 40084 40085 40106 40119 40133 40150 40199 40200 40241 40257 40279 40321 40396 40413 40414 40456 40493 40511 40682 40848 
	}
		
	history = {
		owner = RUS
		
		buildings = {
		}
		
		add_core_of = RUS
	}
    
	buildings_max_level_factor=1.000
        manpower=1
        state_category = rural
}
