state={
	id=423
	name="STATE_423"
	provinces={
		285 446 851 963 981 1437 1603 1957 2216 2284 2385 2434 2656 3043 3295 3599 3749 3856 4211 4248 4341 4423 4643 4672 4673 5178 5565 6209 6250 6898 7034 7164 7386 7531 7947 8167 8186 8422 8788 9214 9231 9463 9480 9626 9632 9637 9739 9835 9854 9870 10142 10399 10453 10475 10533 10747 10906 11208 11276 11340 11413 11527 11738 12283 12306 12402 12479 12563 12758 12793 12798 12806 12848 12973 13047 14439 14445 14658 14716 14844 14938 15066 15146 15153 15312 15345 15365 15367 15462 15496 15733 15869 15945 16041 16076 16244 16316 16336 16374 16492 17037 17366 17615 17741 17763 17900 17932 17956 18514 18575 18735 18857 19025 19042 19189 19325 19350 19403 19483 19494 19517 19586 19649 19728 20320 20368 20417 20575 21024 21065 21087 21131 21322 21776 21792 22091 22207 22526 22558 22885 23032 23106 23109 23200 23422 23492 23793 23930 23958 24074 24158 24392 24733 24781 25073 25214 25241 25276 25296 25580 25937 26147 26181 26209 26598 26897 27011 27050 27155 27208 27241 27286 27433 27510 27545 37378 37530 37565 37619 37707 37770 37817 37873 37897 38035 38078 38168 38297 38448 38488 38506 38523 38633 38634 38658 38669 38670 38701 38796 38814 38849 38887 38907 38947 39014 39039 39063 39078 39079 39080 39081 39109 39155 39223 39265 39266 39267 39289 39321 39341 39386 39397 39404 39417 39418 39437 39438 39454 39472 39508 39526 39547 39561 39577 39578 39621 39622 39680 39720 39770 39874 39911 39943 39960 39961 39971 40024 40093 40094 40110 40111 40125 40139 40156 40231 40284 40299 40313 40342 40343 40361 40379 40404 40405 40447 40500 40501 40519 40540 40541 40618 40635 40636 40670 40690 40691 40715 40786 40805 40815 40833 40858 40859 40869 40884 40911 40929 40940 40978 40979 40980 40981 41021 41040 41041 41078 41079 41129 41130 41164 41165 41186 41204 41226 41227 41228 41260 41261 41285 41303 41323 41360 41361 41376 41377 41409 41431 41447 41462 41514 41515 41540 41541 41542 41577 41607 41644 41687 41699 41700 41701 41721 41739 41817 41818 41866 41867 41868 41896 41935 41936 41947 41963 41997 42018 42019 42035 42036 42103 42121 42144 42179 42191 42192 42193 42208 42271 42288 42289 42290 42366 42460 42476 42477 42507 42531 42546 42547 42580 42615 42616 42638 42676 42690 42691 42746 42774 42795 42796 42831 42847 42897 42956 42977 43104 43124 43137 43157 43158 43259 43260 43277 43314 43315 43333 43407 43426 43427 43448 43470 43471 43536 43574 43625 43642 43730 43832 43980 44116 
	}
	history = {
		owner = UKR
		
		buildings = {
		}
		
		add_core_of = UKR
	}
	buildings_max_level_factor=1.000
        manpower=1
        state_category = rural
}
