state={
	id=424
	name="STATE_424"
	provinces={
		136 1429 1728 1945 2140 2189 3503 4017 4249 4650 4868 5502 5567 5591 6068 6193 6210 6738 7086 7771 8476 8659 8896 9198 9629 9758 9999 10125 10131 10151 10385 10389 10648 10789 11003 11109 11233 11333 12599 13251 13845 14184 14265 14635 14718 14839 14889 14937 15521 16063 16559 16755 16841 17025 17227 17291 17979 18006 18373 18861 18894 18997 19683 20270 20625 20808 20812 20837 20920 21074 21365 21508 21894 21972 22012 22163 22611 23051 23184 23274 23803 24378 24720 24724 24763 24864 25107 25272 26105 26107 26268 26297 26341 26403 26693 27088 27150 27202 27411 27512 37866 38012 38049 38125 38196 38314 38329 38347 38358 38478 38504 38515 38552 38666 38682 38785 38808 38862 38879 38956 38988 38989 39056 39098 39121 39147 39171 39205 39296 39337 39356 39488 39523 39654 39674 39693 39694 39764 39775 39792 39793 39835 39859 39860 39886 39935 39955 39956 40000 40018 40035 40087 40088 40089 40122 40151 40164 40186 40202 40223 40242 40243 40244 40292 40336 40355 40371 40372 40477 40495 40554 40565 40598 40649 40650 40651 40683 40726 40727 40799 40828 40849 40865 40866 40903 40923 40954 40991 41016 41051 41052 41089 41142 41143 41179 41218 41295 41315 41337 41353 41388 41402 41458 41470 41489 41490 41587 41588 41639 41675 41730 41764 41909 42067 42114 42306 42326 
	}
	buildings_max_level_factor=1.000
        manpower=1
        state_category = rural
}
