state={
	id=426
	name="STATE_426"
	provinces={
		37 77 224 304 356 481 1249 1257 1511 1513 1629 1631 1793 1990 1997 2011 2094 2398 2736 3048 3169 3614 4044 4346 4374 4543 4556 5142 5214 5367 6362 6412 7029 7112 7348 7497 7701 8116 8458 9089 9091 9224 9297 9438 9610 9663 9816 10096 10243 10613 10740 10773 10985 11103 11175 11226 11429 11652 11789 11898 12192 12299 12545 12873 13649 13657 13771 14105 14175 14403 14422 14625 14722 14824 14986 15178 15434 15539 15961 16295 16373 16393 16434 16590 16825 17134 17162 17195 17267 17518 17624 17919 17953 18574 18718 19513 19707 19741 19937 19940 19953 20594 20765 20771 21355 21656 21769 21954 22083 22257 22827 22922 23061 23235 23392 23551 23804 23809 24161 24374 24376 24395 24398 24501 24818 25024 25180 25372 25434 25572 25575 25715 25742 25836 25977 26124 26217 26241 26672 26694 26933 26995 27058 27158 27315 27379 27509 38973 39172 39242 39392 39428 39695 39765 39776 39794 39836 39887 39936 39957 40036 40152 40165 40187 40203 40224 40245 40281 40293 40294 40322 40398 40416 40417 40441 40457 40458 40459 40478 40566 40581 40599 40600 40614 40615 40632 40684 40701 40728 40759 40760 40778 40800 40829 40850 40851 40904 40924 40970 40971 40992 40993 41017 41030 41031 41032 41033 41071 41144 41180 41198 41219 41220 41251 41269 41296 41297 41316 41338 41372 41373 41374 41389 41403 41423 41424 41425 41426 41491 41492 41509 41510 41533 41534 41556 41557 41570 41602 41621 41657 41676 41695 41696 41715 41731 41732 41790 41791 41812 41823 41855 41856 41857 41858 41888 41889 41928 41929 41941 41960 41974 41975 42007 42030 42031 42032 42051 42068 42069 42081 42082 42083 42115 42136 42157 42188 42204 42225 42226 42249 42266 42280 42281 42307 42308 42327 42328 42329 42359 42436 
	}
	buildings_max_level_factor=1.000
        manpower=1
        state_category = rural
}
