state={
	id=427
	name="STATE_427"
	provinces={
		600 1311 1830 2417 2546 2721 2869 3185 3408 3418 4276 4563 6240 6592 7213 7802 8037 8133 8429 8967 9797 9959 9989 10177 10303 10462 11530 12033 12247 12284 12726 13087 13273 13313 13456 13535 13760 14015 14096 14375 14430 15177 15311 16002 16215 16311 16378 16481 16560 17001 17070 17194 17346 17655 17809 18540 18813 18913 19115 19216 19620 19695 20040 20140 20453 20930 21141 21280 21809 21962 22147 22169 22299 22453 22747 23283 23331 24052 24064 24080 24304 24462 25067 25759 26575 26751 26776 26784 26828 26926 27020 27077 27203 27221 38088 38269 38370 38414 38565 38681 38861 38878 38941 38971 38972 39239 39353 39378 39503 39521 39540 39713 39733 39734 39884 39885 39906 39983 40016 40017 40058 40076 40120 40184 40201 40258 40353 40354 40397 40415 40476 40494 40531 40553 40596 40630 40698 40699 40709 40724 40745 40758 40776 40777 40864 40902 40934 40952 40953 41108 41109 41110 41124 41141 41177 41178 41197 41268 41293 41294 41352 41387 41440 41469 41601 41637 41638 41656 41693 41694 41714 41729 41746 41763 41789 41907 41927 42049 42100 42156 42223 42224 42279 42304 42324 42391 42414 42415 42523 42540 42590 42607 42764 
	}
	buildings_max_level_factor=1.000
        manpower=1
        state_category = rural
}
