state={
	id=428
	name="STATE_428"
	provinces={
		161 182 223 567 824 917 1113 1231 1327 1352 1733 1922 2042 2268 2310 2317 2806 2909 3072 3294 3505 3838 3898 4025 4045 4165 4362 4404 4693 5197 5286 5379 5730 5741 5790 5938 6041 6442 6481 6577 6764 7119 7285 7314 7527 7556 7665 7704 7825 8081 8148 8344 8500 8957 8990 8994 9293 9469 9529 9819 9848 10059 10211 10398 10521 10595 10804 10926 11137 11182 11421 11467 11545 11675 11902 11910 12142 12244 12453 12462 12500 12556 12565 12600 12694 12706 12710 12719 12729 12913 12961 13390 13430 13439 13561 13608 13693 13754 13856 14034 14035 14165 14178 14227 14229 14380 14603 14692 14808 14864 14913 15041 15121 15264 15557 15776 15845 16205 16357 16710 17057 17129 17344 17443 17445 17614 17667 17776 17831 18030 18155 18424 18630 18705 18713 18745 18830 18876 19061 19249 19302 19332 19412 19546 19674 19780 19808 20051 20216 20457 20488 20508 20669 20791 20885 20969 21076 21221 21244 21275 21332 21376 21422 21513 21559 21574 21721 21742 21746 21810 21838 21941 22143 22179 22391 22400 22401 22434 23110 23122 23198 23340 23397 23633 23883 23884 24031 24105 24121 24201 24264 24384 24424 24446 24541 24586 24746 24831 24927 25009 25034 25047 25171 25232 25329 25431 25465 25511 25849 25924 25965 26060 26074 26309 26321 26554 26791 26825 26870 27086 27132 39043 39044 39085 39157 39200 39253 39346 39347 39441 39457 39475 39497 39512 39549 39563 39600 39644 39661 39662 39705 39724 39725 39758 39759 39782 39783 39784 39803 39824 39825 39839 39879 39896 39923 39945 39946 39976 39977 39978 39989 39990 40011 40012 40046 40047 40067 40068 40069 40097 40098 40113 40114 40127 40141 40142 40143 40160 40161 40176 40177 40178 40194 40195 40214 40215 40234 40235 40249 40250 40251 40266 40267 40268 40286 40287 40288 40303 40317 40330 40348 40349 40383 40384 40409 40426 40427 40428 40429 40430 40448 40449 40486 40487 40504 40505 40522 40575 40576 40577 40589 40590 40591 40607 40623 40624 40625 40639 40640 40641 40642 40660 40674 40717 40736 40737 40738 40751 40768 40769 40791 40808 40822 40836 40871 40890 40891 40912 40913 40914 40915 40932 40943 40944 40963 40986 41006 41007 41008 41009 41010 41025 41043 41058 41059 41060 41061 41082 41097 41118 41119 41120 41150 41169 41170 41171 41190 41208 41209 41263 41264 41274 41287 41328 41329 41330 41346 41347 41362 41380 41381 41382 41383 41412 41433 41449 41450 41465 41466 41480 41521 41522 41523 41525 41546 41547 41562 41563 41578 41579 41592 41608 41609 41610 41611 41628 41629 41648 41666 41667 41705 41706 41743 41754 41755 41777 41801 41802 41820 41848 41870 41871 41879 41880 41881 41918 41919 41938 41966 42021 42037 42038 42039 42040 42108 42181 42195 42196 42211 42212 42237 42351 42368 42377 42401 42402 42424 42446 42479 42480 42481 42513 42533 42550 42551 42567 42597 42598 42620 42621 42659 42679 42713 42728 42814 43015 43203 43386 
	}
	buildings_max_level_factor=1.000
        manpower=1
        state_category = rural
}
