state={
	id=429
	name="STATE_429"
	provinces={
		124 159 181 284 351 463 687 700 711 753 929 938 958 969 971 988 996 1053 1122 1412 1596 1697 1704 1799 1933 2137 2177 2223 2351 2525 2599 2755 2778 2786 2960 3053 3184 3351 3368 3475 3526 3567 3597 3932 4123 4188 4445 4566 4635 4755 4763 4771 4885 4889 4898 5033 5089 5231 5322 5354 5360 5424 5594 5677 5689 5693 5703 5722 6255 6361 6504 6513 6603 6678 6753 7156 7273 7332 7615 7676 7708 7736 7854 7901 8025 8027 8045 8051 8057 8605 8724 8734 9027 9035 9056 9170 9235 9276 9442 9503 9505 9648 9662 9683 9707 9767 9849 9897 9994 10063 10091 10224 10254 10465 10485 10599 10602 10621 10783 10805 10903 10975 11183 11221 11292 11395 11580 11798 11873 11897 11983 12047 12138 12183 12186 12207 12253 12357 12450 12469 12478 12496 12627 12780 12807 12939 13050 13099 13104 13176 13177 13302 13325 13370 13429 13436 13446 13554 13606 13830 13860 13870 13987 14053 14133 14246 14350 14357 14383 14497 14536 14547 14666 14741 14753 14754 14855 14947 14962 15005 15138 15222 15251 15329 15334 15397 15419 15482 15488 15540 15563 15723 15727 15877 15896 15939 16051 16176 16334 16444 16663 16711 16743 16761 16860 16896 16940 16978 17212 17242 17394 17431 17457 17573 17599 17713 17725 17787 17813 17902 17918 17968 17992 18012 18067 18098 18215 18306 18324 18408 18455 18478 18564 18603 18666 18801 18840 18870 18879 18933 19279 19318 19340 19407 19539 19783 19791 19809 19840 20180 20222 20572 20624 20626 20633 20649 20717 20758 20807 20831 20857 20888 20996 21031 21063 21152 21194 21214 21345 21551 21569 21580 21661 21686 21752 21781 21961 22006 22052 22076 22077 22084 22204 22234 22273 22518 22736 22745 22779 22849 22973 23199 23271 23273 23384 23415 23440 23471 23525 23547 23629 23641 23690 23857 23943 24016 24034 24055 24152 24243 24273 24286 24388 24389 24411 24435 24443 24512 24518 24539 24663 24717 24833 24839 24886 24982 25065 25089 25109 25125 25253 25325 25349 25384 25443 25463 25537 25554 25570 25579 25583 25587 25628 25723 25725 25816 25882 25922 25981 25984 26027 26088 26157 26206 26271 26560 26644 26730 26764 26797 26817 26818 26839 26957 27014 27256 27336 27528 41121 41288 41348 41413 41524 41756 41803 41899 41900 41951 41952 41967 41968 41984 41985 41986 42022 42061 42077 42093 42109 42126 42148 42149 42213 42214 42215 42238 42239 42273 42274 42297 42316 42352 42369 42378 42403 42404 42425 42426 42447 42448 42482 42514 42552 42568 42569 42585 42599 42622 42660 42661 42662 42695 42729 42750 42751 42752 42753 42797 42815 42834 42835 42868 42902 42903 42904 42924 42925 42926 42927 42960 42961 42995 43016 43017 43018 43042 43056 43057 43072 43092 43093 43094 43109 43110 43111 43112 43140 43141 43142 43162 43176 43204 43205 43206 43207 43226 43227 43242 43243 43244 43263 43264 43284 43285 43286 43304 43305 43306 43318 43336 43337 43354 43369 43370 43371 43387 43410 43441 43442 43443 43444 43452 43453 43454 43476 43477 43487 43519 43520 43521 43538 43539 43555 43577 43578 43610 43611 43630 43631 43632 43647 43661 43662 43675 43676 43691 43692 43713 43714 43733 43734 43735 43756 43770 43794 43795 43815 43816 43817 43838 43839 43840 43841 43858 43859 43880 43881 43882 43883 43925 43926 43927 43928 43929 43945 43946 43967 43968 43985 43986 43987 43999 44019 44020 44021 44022 44023 44045 44046 44047 44067 44068 44069 44086 44102 44103 44104 44119 44120 44121 44135 44136 44174 44188 44189 44190 44191 44210 44211 44212 44213 44233 44234 44235 44259 44260 44261 44262 44276 44277 44278 44313 44314 44315 44329 44366 44367 44368 44383 44384 44385 44386 44387 44411 44412 44413 44414 44415 44436 44437 44438 44439 44459 44460 44474 44475 44476 44477 44540 44541 44542 44555 44556 44557 44558 44571 44572 44591 44611 44612 44613 44628 44629 44630 44644 44645 44646 44666 44679 44680 44681 44682 44711 44712 44713 44714 44715 44730 44731 44751 44752 44770 44771 44772 44787 44788 44804 44805 44823 44842 44860 44861 44892 44893 44894 44911 44936 44937 44938 44939 44961 44962 44978 44979 44980 45000 45001 45002 45003 45017 45035 45036 45037 45038 45054 45070 45071 45086 45087 45088 45089 45114 45132 45133 45134 45135 45136 45142 45143 45144 45156 45157 45158 45159 45172 45173 45174 45192 45193 45194 45195 45211 45212 45230 45245 45246 45268 45269 45270 45271 45272 45294 45318 45319 45332 45333 45334 45335 45336 45337 45356 45357 45358 45373 45396 45414 45415 45416 45433 45434 45435 45451 45452 45469 45487 45488 45489 45490 45491 45508 45523 45524 45525 45526 45527 45545 45564 45565 45566 45586 45587 45588 45603 45620 45621 45622 45651 45652 45668 45669 45670 45672 45673 45674 45687 45688 45689 45706 45724 45725 45740 45741 45751 45764 45780 45781 45782 45798 45810 45825 45833 45834 45835 45851 45852 45870 45887 45888 45903 45913 45925 45957 45984 45985 45993 46006 46027 46059 46080 46124 46125 46153 46166 46186 46201 46241 46242 46251 46264 46282 46343 46357 46407 46423 46436 46437 46468 46507 46583 46593 46594 46595 46610 46621 46649 46650 46665 46708 46740 46741 46795 46811 46812 46846 46873 46915 46928 46973 46974 47000 47001 47016 47056 47089 47099 47114 47115 47135 
	}
	
	history = {
		owner = UKR
		
		buildings = {
		}
		
		add_core_of = UKR
	}
    
	buildings_max_level_factor=1.000
        manpower=1
        state_category = rural
}
