
state={
	id=43
	name="STATE_43"
	provinces={
		558 586 1879 1906 4433 4676 4932 6564 8420 10043 10485 12354 12431 12457 12951 13048 13806 14064 16876 17454 18303 18392 18884 19149 19457 20702 22277 22374 22785 22986 23572 24038 24802 25434 26790 26962 27239 41351 41387 41412 41448 41516 41549 41565 41589 41762 41763 41764 41789 41868 42002 42003 42019 42060 42211 42212 42327 42375 42474 42497 42498 42570 42645 42646 42647 42696 42697 42772 42845 42866 42970 
	}
	history = {
        owner = UKR
		add_core_of = UKR
		
	}

	state_category=town
	manpower=5251
	buildings_max_level_factor=1.000
	local_supplies=0.000
}
