state={
	id=43
	name="STATE_43"
	provinces={
		45 263 350 384 421 491 595 642 663 863 884 1009 1029 1039 1152 1193 1306 1327 1328 1357 1581 1583 1607 1830 2061 2125 2158 2166 2302 2338 2393 2609 2760 2914 2929 2941 2969 3003 3214 3353 3384 3393 3397 3402 3564 3694 3727 3774 4059 4068 4174 4192 4194 4355 4401 4412 4419 4427 4526 4545 4644 4679 4846 4958 5110 5126 5202 5240 5302 5378 5416 5434 5438 5680 5682 5751 5797 5829 5847 5849 5901 5902 5956 5961 6009 6062 6079 6088 6288 6624 6639 6641 6666 6697 6751 6851 6858 6859 6869 6918 7030 7058 7093 7251 7327 7376 7443 8023 8077 8099 8153 8181 8189 8199 8211 8229 8242 8251 8252 8257 8273 8289 8310 8313 8316 8317 8350 8353 8356 8362 8390 8393 8399 8420 8437 8443 8462 
	}
	buildings_max_level_factor=1.000
        manpower=1
        state_category = town
}
