state={
	id=430
	name="STATE_430"
	provinces={
		286 579 617 869 1228 1528 1715 1848 2131 2304 2657 3144 3151 3163 3674 3704 4168 4218 4340 4479 5091 5390 5945 6725 6896 7127 7662 7726 8018 8204 8972 9220 9482 10567 10689 11088 11210 11371 11806 11963 12064 12084 12122 12195 12329 12365 12380 12895 13404 13518 13594 13620 13931 13969 14257 14394 14574 14588 15198 15211 15371 15645 16258 16282 16412 17132 17433 17768 18028 18571 18926 19073 19328 19485 19749 19796 19839 19848 19915 20389 20527 20628 20681 20710 20829 20933 21129 21158 21238 21543 21777 22068 22098 22239 22443 22696 23380 23539 23564 24072 24142 25025 25057 25211 25697 25916 26049 26106 26182 26375 26381 26758 27261 40559 40658 40669 40712 40730 40783 40856 40857 40867 40882 40907 40927 40997 40998 40999 41020 41037 41038 41056 41075 41076 41094 41127 41147 41163 41183 41184 41202 41203 41225 41239 41254 41255 41283 41284 41318 41319 41320 41342 41343 41357 41394 41405 41406 41407 41408 41461 41474 41475 41494 41537 41573 41574 41589 41605 41643 41662 41682 41683 41684 41719 41749 41750 41769 41770 41797 41816 41827 41842 41863 41864 41876 41893 41911 41933 41945 41946 41962 41979 41980 41996 42015 42016 42033 42057 42058 42059 42086 42087 42088 42089 42102 42118 42119 42142 42161 42190 42207 42231 42232 42253 42269 42286 42287 42313 42348 42363 42376 42419 42420 42471 42472 42473 42474 42495 42496 42505 42565 42579 42593 42594 42612 42632 42633 42634 42673 42674 42708 42709 42771 42791 42792 42828 42843 42844 42845 42861 42862 42955 42975 42976 43008 43009 43010 43033 43034 43055 43085 43086 43120 43155 43172 43194 43195 43299 43425 43513 43531 43594 43595 43708 
	}
	history = {
		owner = UKR
		
		buildings = {
		}
		
		add_core_of = UKR
	}
	buildings_max_level_factor=1.000
        manpower=1
        state_category = rural
}
