
state={
	id=431
	name="STATE_431"

	history={
		owner = UKR
		buildings = {
			infrastructure = 3

		}
		add_core_of = UKR

	}

	provinces={
		48 2153 2435 2649 2690 2913 3547 3672 4003 4581 4710 5123 5394 5435 5636 5714 6007 6618 7161 7682 7948 8150 8677 8751 8958 9415 9972 10176 10694 11015 11351 11638 12030 12095 12230 12342 12448 12585 12817 12854 13628 13855 13964 13965 14843 15526 15713 15798 15833 16024 16039 16049 16122 16261 16582 16667 16712 16818 17517 17792 19098 19245 19746 20155 21479 21774 21831 21849 22015 22193 22445 22964 23139 23232 23554 23611 24050 24231 24386 24869 24929 25202 25254 26126 26261 26262 26517 26548 26619 26914 27526 40010 40159 40213 40285 40408 40542 40574 40588 40606 40622 40638 40673 40734 40735 40750 40834 40835 40889 40962 41005 41024 41096 41117 41189 41207 41242 41327 41379 41500 41501 41519 41520 41545 41665 41742 41775 41776 41830 41831 41832 41847 41898 41917 41937 41949 41950 41982 41983 42020 42076 42107 42147 42236 42338 42367 42400 42499 42512 42584 42657 42658 42694 42777 42813 42994 43014 43139 43201 43202 43317 43335 43385 43409 43451 43486 43629 43660 43712 43793 43910 43966 43984 43998 44173 
	}
	manpower=1
	buildings_max_level_factor=1.000
	state_category=rural
	local_supplies=0.000
}
