state={
	id=432
	name="STATE_432"
	provinces={
		42 425 571 678 717 733 854 877 980 1037 1073 1315 1317 1504 1607 1640 1665 1949 2211 2246 2294 2582 2667 2739 2820 2839 2907 2937 2968 3005 3028 3057 3058 3158 3168 3219 3245 3270 4134 4164 4179 4207 4229 4246 4292 4392 4424 4432 4482 4811 4899 4960 4964 5079 5242 5414 5558 5691 5791 5864 5986 6058 6072 6149 6195 6284 6484 6509 6617 6687 6809 6869 6892 7257 7263 7311 7438 7469 7481 7540 7599 7785 7847 7855 8001 8014 8017 8019 8224 8363 8425 8435 8436 8451 8497 8636 8672 8731 8794 8814 8841 8969 9124 9253 9277 9360 9434 9548 9597 9697 9700 9898 9997 10158 10260 10285 10309 10334 10394 10556 10583 10683 10702 10728 10739 10746 10748 10795 10831 10865 10901 10935 11062 11297 11325 11401 11531 11554 11558 11661 11670 11784 11837 11927 11936 11940 11945 11991 12087 12136 12172 12174 12198 12337 12382 12630 12639 12693 12787 12794 12812 12993 13026 13035 13070 13149 13172 13195 13248 13452 13474 13513 13519 13529 13537 13685 13709 13835 14055 14107 14185 14188 14248 14312 14450 14501 14559 14611 14622 14742 14750 14757 14779 14827 14833 14893 14915 15078 15296 15298 15316 15333 15418 15571 15585 15664 15695 15703 15744 15844 15937 15947 15951 16015 16023 16077 16093 16110 16133 16213 16252 16293 16344 16507 16513 16547 16556 16635 16641 16698 16739 16749 16829 16835 16868 16912 16921 16945 16950 17047 17111 17138 17203 17229 17320 17439 17482 17931 17934 18045 18183 18189 18263 18307 18467 18595 18726 18851 18862 18889 18931 18996 19008 19054 19063 19198 19288 19306 19384 19472 19484 19578 19638 19701 19756 19787 19815 19919 19961 20016 20058 20098 20113 20173 20187 20316 20352 20369 20373 20423 20456 20528 20573 20577 20583 20689 20834 20921 20998 21153 21175 21268 21282 21301 21489 21497 21510 21536 21555 21644 21645 21711 21723 21844 21879 21898 21955 21958 22040 22118 22146 22171 22295 22344 22359 22363 22412 22415 22454 22525 22536 22576 22682 22704 22706 22748 22812 22823 22886 22915 22998 23085 23126 23156 23168 23187 23213 23306 23345 23402 23448 23485 23493 23507 23524 23651 23662 23670 23699 23714 23754 23790 23877 24006 24036 24077 24130 24153 24269 24346 24351 24412 24450 24470 24472 24514 24530 24534 24537 24599 24607 24696 24708 24714 24734 24776 24797 24820 24876 24901 24977 25019 25120 25179 25199 25250 25287 25328 25365 25476 25525 25642 25694 25747 25762 25799 25803 25807 25853 25874 25949 25990 26018 26047 26118 26180 26295 26337 26347 26389 26558 26682 26699 26720 26785 26801 26819 26834 26928 26931 26966 27002 27074 27108 27137 27212 27273 27458 27492 27536 27540 38929 39064 39082 39198 39224 39248 39249 39268 39322 39323 39387 39398 39439 39455 39473 39579 39598 39623 39641 39681 39700 39701 39721 39780 39781 39801 39850 39875 39876 39894 39920 39972 39973 39974 40007 40008 40045 40095 40096 40140 40157 40172 40173 40212 40233 40265 40300 40301 40302 40314 40315 40328 40344 40345 40346 40380 40381 40406 40425 40466 40484 40502 40520 40619 40620 40671 40672 40716 40748 40749 40787 40788 40806 40807 40816 40817 40818 40819 40820 40821 40870 40885 40886 40930 40931 40941 40942 40959 40960 40961 40982 40983 40984 40985 41002 41003 41004 41022 41023 41042 41080 41113 41114 41115 41116 41131 41132 41149 41166 41167 41168 41187 41188 41205 41206 41241 41262 41286 41304 41324 41325 41326 41344 41345 41378 41410 41411 41432 41448 41463 41464 41478 41479 41496 41497 41498 41499 41516 41517 41518 41543 41544 41561 41591 41626 41627 41645 41646 41647 41663 41664 41688 41689 41690 41702 41703 41704 41740 41741 41751 41752 41753 41772 41773 41774 41798 41799 41800 41819 41828 41829 41844 41845 41846 41869 41878 41897 41914 41915 41916 41948 41964 41965 41981 41998 41999 42000 42074 42075 42092 42104 42105 42106 42123 42124 42125 42145 42146 42164 42165 42180 42194 42209 42210 42233 42234 42235 42257 42258 42272 42291 42292 42293 42294 42295 42296 42314 42315 42336 42337 42350 42399 42422 42423 42443 42444 42445 42461 42462 42478 42498 42508 42509 42510 42511 42532 42548 42549 42583 42595 42596 42617 42618 42619 42639 42640 42641 42656 42677 42678 42692 42693 42710 42711 42712 42726 42727 42748 42749 42775 42776 42810 42811 42812 42832 42833 42848 42866 42867 42880 42881 42898 42899 42900 42901 42920 42921 42922 42923 42943 42944 42958 42959 42978 42979 42980 42993 43040 43041 43069 43070 43071 43088 43089 43090 43091 43107 43108 43125 43126 43127 43138 43159 43160 43161 43198 43199 43200 43239 43240 43241 43261 43262 43279 43280 43281 43282 43283 43301 43302 43303 43316 43334 43353 43368 43408 43428 43429 43430 43438 43439 43440 43449 43450 43473 43474 43475 43503 43504 43516 43517 43518 43537 43553 43554 43575 43576 43597 43598 43609 43626 43627 43628 43643 43644 43645 43646 43658 43659 43672 43673 43674 43689 43690 43710 43711 43732 43753 43754 43755 43768 43769 43791 43792 43814 43833 43834 43835 43836 43837 43852 43853 43854 43855 43856 43857 43878 43879 43908 43909 43924 43943 43944 43964 43965 43983 43996 43997 44017 44018 44043 44044 44066 44084 44085 44101 44118 44134 44153 44172 44187 44208 44209 44258 44274 44275 44292 44293 44294 44310 44311 44312 44326 44327 44328 44346 44364 44365 44380 44381 44382 44409 44410 44433 44434 44435 44458 44472 44473 44505 44506 44537 44538 44539 44553 44554 44569 44570 44608 44609 44610 44627 44663 44664 44665 44678 44710 44726 44727 44728 44729 44749 44750 44769 44786 44821 44822 44841 44858 44859 44871 44891 44909 44910 44931 44932 44933 44934 44935 44960 44999 45015 45016 45034 45053 45069 45083 45084 45085 45110 45111 45112 45113 45131 45188 45189 45190 45191 45210 45228 45229 45241 45242 45243 45244 45266 45267 45293 45355 45371 45372 45412 45413 45431 45432 45449 45450 45506 45507 45544 45584 45585 45616 45617 45618 45619 45638 45667 45685 45704 45705 45749 45750 45779 45795 45796 45797 45832 45885 45955 45967 45981 46077 
	}
	buildings_max_level_factor=1.000
        manpower=1
        state_category = rural
}
