state={
	id=433
	name="STATE_433"
	provinces={
		200 629 921 1235 1237 1516 2209 2221 2363 2459 2488 2775 2777 2827 2928 3077 3243 3451 3468 3608 3675 3680 4040 4302 4537 4605 4653 4675 4843 4918 4946 5194 5212 5470 5532 5586 5590 5713 5746 5941 6004 6179 6258 6279 6430 6497 6664 6759 7050 7168 8026 8082 8120 8201 8278 8280 8284 8639 8813 9062 9281 9292 9345 9723 9794 9859 10124 10144 10343 10489 10983 11090 11125 11445 11574 11606 11666 11816 11871 11882 11946 11957 11986 11992 12613 12666 12737 12771 12824 12957 13037 13106 13165 13221 13499 13700 13775 13802 13943 13963 14004 14103 14304 14562 14979 15117 15239 15368 15430 15517 15534 15565 15710 16195 16272 16349 16527 16622 16708 16717 16836 16884 16920 16973 17197 17277 17580 17596 17604 17671 18034 18086 18135 18239 18390 18536 18738 19017 19314 19462 19652 19681 19789 19873 20048 20066 20159 20191 20296 20319 20557 20560 20731 21228 21246 21540 21627 21699 21841 22237 22323 22411 22471 22542 22904 22950 23073 23104 23148 23238 23295 23341 23527 23558 23811 23845 23934 23935 23954 24029 24095 24177 24186 24336 24344 24594 24852 25011 25053 25098 25100 25177 25258 25348 25390 25531 25569 25578 25593 25817 25973 26013 26062 26361 26497 26673 26832 26890 27031 27035 27146 27174 27226 27500 39953 39998 40055 40132 40290 40310 40320 40352 40369 40370 40395 40439 40455 40492 40530 40552 40564 40580 40613 40629 40647 40648 40665 40681 40696 40697 40774 40775 40796 40797 40813 40845 40846 40847 40863 40901 40920 40921 40922 40949 40950 40951 40969 40990 41049 41050 41070 41105 41106 41107 41140 41159 41176 41217 41236 41249 41250 41267 41280 41292 41313 41314 41335 41336 41351 41369 41370 41371 41386 41400 41401 41439 41456 41457 41487 41488 41508 41530 41531 41532 41554 41569 41600 41619 41620 41635 41636 41655 41674 41713 41727 41728 41762 41786 41787 41788 41811 41837 41852 41853 41854 41874 41887 41905 41906 41973 41993 42005 42006 42048 42065 42066 42080 42099 42134 42135 42155 42172 42201 42202 42221 42222 42245 42246 42247 42248 42303 42343 42372 42373 42390 42410 42411 42412 42413 42434 42435 42488 42521 42522 42539 42561 42562 42588 42589 42605 42606 42626 42645 42646 42667 42683 42684 42701 42736 42737 42762 42782 42783 42784 42785 42804 42805 42821 42840 42850 42874 42887 42910 42911 42912 42970 42971 42986 42987 43002 43077 43078 43079 43130 43131 43149 43166 43185 43186 43231 43232 43250 43271 43272 43291 43327 43341 43342 43376 43377 43417 43418 43434 43495 43496 43497 43506 43525 43526 43545 43546 43547 43563 43585 43586 43587 43604 43605 43614 43655 43656 43665 43681 43682 43701 43723 43724 43746 43757 43773 43825 43848 43866 43896 43915 43916 43934 43950 43951 44004 44005 44029 44075 44092 44093 44094 44126 44159 44198 44223 44266 44267 44352 44353 44398 44420 44448 44525 44526 44546 44560 44634 44758 
	}
	buildings_max_level_factor=1.000
        manpower=1
        state_category = rural
}
