state={
	id=434
	name="STATE_434"
	provinces={
		203 819 1168 2023 2965 4181 6233 6612 7262 7495 9383 9418 9445 11354 11759 12318 12446 12527 13208 14066 14465 16623 17211 20338 20486 20492 21266 21755 22044 22144 22210 22458 22601 23048 23225 23436 23491 23645 24497 25338 25542 25756 26225 26521 26533 27051 41555 41838 41875 41908 41994 42028 42029 42050 42173 42203 42305 42325 42358 42374 42392 42466 42467 42468 42489 42502 42524 42608 42627 42628 42685 42787 42788 42789 42806 42852 42853 42876 42988 42989 43027 43028 43062 43063 43234 43293 43398 43435 43446 43462 43528 43566 43667 43703 43725 43867 43898 43899 
	}
	buildings_max_level_factor=1.000
        manpower=1
        state_category = rural
}
