state={
	id=435
	name="STATE_435"
	provinces={
		66 297 697 1060 1176 1222 1340 1554 1834 1867 1931 2039 2192 2276 2462 2472 2510 2821 2901 3007 3032 3206 3260 3625 3779 4327 4405 4418 4700 4798 5021 5048 5186 5352 5857 5910 6290 6390 6726 6852 6900 7914 8136 8460 8463 8660 8822 9093 9115 9123 9134 9549 9556 9853 9864 9901 10092 10212 10332 10628 10786 10837 11085 11156 11564 11598 11728 12076 12111 12270 12416 12643 12645 12918 13279 13376 13574 13592 13719 14418 14545 14842 15034 15068 15143 15613 15661 15843 16038 16137 16224 16227 16422 16427 16500 16503 16676 16951 16990 17679 17825 17976 18203 18612 18625 18781 19339 19441 19716 19822 19969 20466 20510 20610 20882 21050 21109 21264 21357 21371 21554 21635 21731 21804 21963 22225 22511 22549 22850 22890 23147 23317 23560 23561 23594 23733 23837 23992 24062 24083 24197 24257 24279 24618 24752 24936 24974 25187 25229 25429 25477 25557 25764 25970 26002 26011 26441 26677 26737 27019 27064 27431 27478 27537 42311 42375 42493 42494 42654 42770 42809 42827 42879 42918 42941 42954 42974 43067 43103 43119 43171 43191 43192 43193 43224 43238 43255 43298 43312 43382 43402 43403 43469 43485 43499 43530 43551 43569 43593 43622 43688 43707 43750 43761 43776 43787 43809 43830 43831 43874 43906 43920 43921 43939 43940 43954 43993 44014 44015 44016 44038 44039 44061 44062 44099 44114 44147 44148 44182 44183 44206 44207 44231 44253 44254 44288 44305 44341 44342 44362 44377 44407 44429 44487 44503 44513 44534 44535 44565 44566 44587 44603 44622 44658 44659 44691 44707 44708 44723 44740 44741 44742 44743 44744 44745 44763 44783 44800 44801 44852 44853 44854 44869 44883 44884 44885 44927 44928 44953 45010 45031 45049 45078 45079 45080 45101 45102 45103 45125 45225 45226 45239 45260 45261 45262 45285 45286 45301 45302 45303 45304 45350 45393 45410 45427 45443 45464 45480 45481 45502 45519 45539 45540 45560 45580 45598 45611 45634 45635 45659 45660 45680 45700 45717 45736 45775 45776 45777 45862 45881 45882 45901 45922 45937 45938 45989 46017 46018 46019 46020 46046 46116 46117 46229 46273 46349 46350 46380 46520 
	}
	buildings_max_level_factor=1.000
        manpower=1
        state_category = rural
}
