state={
	id=436
	name="STATE_436"
	provinces={
		130 340 933 1030 1134 1398 2028 2032 2054 2063 2121 2290 2330 2548 2638 2781 2942 3104 3108 3141 3528 3629 3694 3956 4141 4429 4521 4626 4663 5105 5361 5418 5495 5697 5904 6270 6369 6903 7614 7697 7862 8064 8180 8249 8261 8374 8780 8871 9284 9289 9334 9427 9452 9940 9945 10403 10495 10763 10830 10836 10945 11177 11283 11374 11377 11431 11434 11459 11605 11607 11613 11614 11618 11672 12026 12310 12610 12682 12750 12805 12841 12920 13296 13524 13604 13651 13655 13910 13928 13929 14137 14285 14295 14386 14933 15020 15221 15255 15474 15480 15531 15575 15674 15707 15759 16181 16361 16545 16593 16609 16627 16671 16720 16900 17004 17020 17066 17170 17304 17582 17876 17939 18077 18166 18220 18238 18498 18693 18711 18860 18901 19023 19170 19177 19373 19574 19614 19799 19974 19998 20276 20440 20545 20559 20602 20727 20728 20819 20954 21414 21462 21591 21641 21797 21854 21971 21977 22062 22484 22523 22545 22550 22561 22645 22755 22807 22899 23053 23071 23332 23335 23383 23498 23543 23833 24433 24436 24572 24931 25201 25351 25441 25532 25549 25602 25871 25917 25927 26072 26127 26130 26318 26464 26544 26620 26774 27329 27363 27389 27423 27449 27542 42360 42393 42453 42454 42469 42470 42490 42491 42492 42503 42541 42542 42543 42576 42609 42629 42647 42670 42671 42686 42703 42704 42719 42738 42739 42740 42741 42765 42822 42823 42824 42854 42855 42856 42857 42877 42890 42891 42913 42914 42915 42937 42972 43029 43048 43049 43050 43051 43081 43082 43098 43099 43117 43132 43150 43167 43188 43189 43220 43235 43251 43252 43294 43295 43329 43343 43344 43345 43361 43379 43399 43400 43421 43463 43464 43465 43508 43509 43510 43548 43588 43589 43606 43617 43636 43668 43683 43704 43726 43747 43758 43759 43774 43805 43806 43868 43900 43901 43902 43917 43918 43952 43992 44009 44031 44032 44056 44057 44078 44096 44097 44098 44110 44163 44164 44165 44202 44249 44268 44269 44270 44271 44286 44303 44335 44336 44337 44354 44355 44356 44357 44374 44399 44400 44449 44467 44468 44484 44499 44511 44530 44549 44583 44584 44585 44636 44637 44638 44639 44656 44657 44673 44687 44688 44701 44702 44760 44780 44796 44797 44814 44833 44834 44835 44851 44866 44877 44878 44879 44923 44924 44946 44947 44948 44967 44991 44992 45024 45025 45026 45027 45046 45076 45095 45123 45151 45166 45167 45221 45256 45280 45299 45314 45326 45344 45345 45389 45402 45403 45422 45459 45478 45499 45500 45513 45533 45607 45693 45715 45716 45734 45787 45844 45845 45858 45917 45935 45936 45987 46033 46083 46097 46112 46113 46149 46172 46257 46285 46305 46318 
	}
	buildings_max_level_factor=1.000
        manpower=1
        state_category = rural
}
