state={
	id=437
	name="STATE_437"
	provinces={
		12 157 591 1136 2169 2228 2498 2520 2802 3357 3364 4846 4997 5222 5268 5608 6422 6439 6655 6752 6797 7049 7091 7099 7120 7138 7242 7435 7456 7801 8100 8622 9073 9139 9156 10544 10822 10949 10964 11471 12303 12570 13103 13225 13359 13602 14202 14228 14579 14728 14953 15047 15086 15129 15600 15826 16007 16177 16306 16322 16482 17379 17380 17397 17424 17661 17933 18060 18095 18502 18642 18704 19094 19273 19571 19765 19860 19913 20189 20350 20655 21056 21107 21117 21118 21156 21725 21846 22117 22395 22487 22605 22654 22688 23059 23158 23257 23376 23830 23863 24137 24263 24288 24447 25127 25149 25190 25288 25303 25364 25656 25778 25855 25890 26189 26613 26721 26733 27224 27327 27346 27361 42668 42669 42702 42763 42786 42851 42875 42888 42889 42936 42951 43003 43026 43080 43097 43187 43233 43273 43292 43310 43328 43378 43396 43397 43419 43420 43461 43481 43482 43507 43527 43564 43565 43615 43616 43635 43666 43702 43785 43803 43804 43826 43827 43828 43897 43935 43959 43975 44007 44008 44077 44095 44109 44162 44180 44200 44201 44284 44285 44302 44373 44423 44482 44483 44547 44548 44582 44654 44655 44779 44813 44922 44966 44990 45045 45060 45061 45150 45165 45203 45219 45220 45236 45365 45388 45400 45401 45477 45498 45512 45606 45756 45814 45896 45897 45975 46065 46082 46171 46256 46390 46428 46453 46497 46587 46722 46769 46770 46788 46803 46855 46864 46893 46920 46921 46957 47047 47062 47077 47103 47104 47123 47141 47212 47213 47228 47240 47353 47436 47556 47597 47728 
	}
	buildings_max_level_factor=1.000
        manpower=1
        state_category = rural
}
