state={
	id=438
	name="STATE_438"
	provinces={
		468 762 1046 1358 1578 1784 2048 2325 2467 2515 2605 2859 2884 3302 4128 4267 4408 4655 4782 5335 5575 5625 5738 5800 6120 6189 6867 7001 7106 7725 7730 7789 7934 8000 8129 8196 8209 8230 8262 8407 8733 9689 9974 10183 10199 10546 10696 10802 11245 11332 11390 11487 11590 11884 12132 12418 12480 12535 12543 12590 12661 12689 12952 12964 13280 13306 13495 13819 14116 14134 14183 14432 14437 14820 14888 15077 15136 15190 15234 15320 15323 15422 15666 16112 16352 16610 17232 17406 17797 17994 18374 18594 18743 19026 19233 19497 19592 19883 20157 20283 20467 20496 20605 20615 20646 20699 20715 21178 21195 21443 21505 21542 21581 21639 21655 21948 22024 22409 22481 22489 22540 22773 22802 22944 23043 23153 23928 23940 24047 24205 24260 24311 24430 24745 24988 25284 25609 25676 25703 25921 26125 26136 26148 26467 26661 26948 27082 27176 27268 27356 27415 42364 42475 42497 42529 42613 42635 42636 42637 42655 42723 42772 42773 42793 42829 42863 42864 43011 43012 43035 43036 43121 43122 43135 43136 43156 43173 43196 43197 43225 43256 43257 43276 43313 43348 43349 43365 43383 43384 43404 43405 43447 43500 43501 43514 43532 43533 43570 43571 43572 43596 43623 43624 43641 43657 43669 43670 43671 43709 43728 43751 43752 43762 43763 43764 43765 43777 43788 43789 43790 43810 43851 43922 43923 43941 43942 43955 43979 43994 44040 44064 44082 44083 44100 44115 44130 44131 44132 44149 44168 44169 44184 44185 44272 44289 44306 44307 44363 44430 44431 44452 44453 44470 44471 44488 44514 44515 44516 44567 44588 44605 44623 44624 44625 44641 44660 44676 44724 44746 44765 44766 44802 44817 44838 44856 44886 44887 44888 44904 44929 44957 44973 44996 45081 45105 45126 45169 45207 45208 45263 45305 45306 45352 45394 45428 45503 45521 45648 45662 45681 45682 45746 45792 45848 45923 45965 46056 46069 46214 46246 46341 46394 46491 46606 47051 47246 
	}
	history = {
		owner = UKR
		
		buildings = {
		}
		
		add_core_of = UKR
	}
	buildings_max_level_factor=1.000
        manpower=1
        state_category = rural
}
