state={
	id=439
	name="STATE_439"
	provinces={
		1932 2083 2501 3046 3647 3725 3949 4735 6468 6814 7333 7553 7756 7871 8008 8307 8392 9714 10056 10163 10625 12065 12735 13041 13085 13194 13468 14220 15106 15624 15950 16882 17017 17332 18084 18375 18525 18682 19495 20091 20114 20393 20836 21333 21786 21794 21974 22287 22686 23582 23773 24791 25405 26113 26170 26263 26364 26925 26952 27198 27229 44063 44255 44604 44692 44764 44855 44870 44954 44955 44956 45032 45104 45183 45287 45288 45330 45351 45411 45444 45482 45520 45541 45581 45612 45636 45661 45701 45718 45719 45818 45819 45830 45847 45883 45951 45952 45979 46021 46036 46067 46068 46076 46085 46134 46175 46197 46213 46230 46274 46275 46288 46308 46339 46340 46393 46406 46417 46418 46456 46500 46521 46564 46690 46716 
	}
	buildings_max_level_factor=1.000
        manpower=1
        state_category = rural
}
