state={
	id=44
	name="STATE_44"
	provinces={
		907 3793 5657 5749 6428 6722 7441 8151 8920 9185 9743 10214 10553 10643 11096 12401 13818 13992 14072 14160 14752 14828 15930 16033 16242 16347 16423 18069 18635 18672 19009 19289 20211 20387 20990 21314 21486 21759 22437 23151 23464 23788 24582 25777 26689 27055 33648 33719 33782 33851 33864 33907 33934 33977 33978 34008 34057 34099 34199 34366 34387 34472 34539 34591 34626 34641 34698 34753 34754 34769 34770 34807 34891 34909 34930 34949 34968 35024 35039 35040 35065 35077 35098 35222 35233 35234 35412 
	}
	history = {
		owner = UKR
		
		buildings = {
		}
		
		add_core_of = UKR
	}
	buildings_max_level_factor=1.000
        manpower=1
        state_category = rural
}
