state={
	id=441
	name="STATE_441"
	provinces={
		389 409 545 636 710 778 910 1278 1422 1473 1542 1584 2066 2193 2610 2661 2751 2886 3064 3170 3324 3350 3461 3943 4101 4170 4215 4435 4514 4564 4646 4891 5115 5175 5269 5471 5719 5844 5928 6018 6040 6087 6095 6217 6347 6543 6551 7188 7243 7279 7293 7337 7465 7508 7545 7693 7897 8086 8247 8282 8395 8629 8635 8712 8797 8917 9019 9049 9238 9406 9533 9770 10112 10263 10807 10927 10969 11016 11017 11075 11113 11299 11453 11593 11928 11981 12001 12045 12092 12292 12602 12676 12759 12777 12970 13270 13323 13522 13644 13673 13704 14067 14242 14399 14427 14513 14591 14734 14899 15250 15363 15442 15660 15663 15678 16034 16186 16365 16372 16682 16697 17050 17122 17354 17420 17450 17586 17606 17695 17782 17817 17913 17970 17993 18033 18048 18172 18339 18400 18453 18454 18875 18964 19146 19157 19166 19209 19348 19375 19516 19576 19609 19694 20208 20249 20269 20416 20434 20679 20702 20712 20734 20945 21177 21347 21464 21665 21880 22060 22063 22175 22586 22609 22787 23074 23314 23356 23550 23771 23916 24067 24159 24400 24544 24716 24753 24815 24896 24963 25091 25178 25313 25353 25505 25526 25528 25623 25646 26368 26578 26590 26617 26640 27071 27157 27399 27485 43466 43618 43775 43869 43936 43960 43976 43977 44144 44145 44166 44225 44226 44250 44287 44320 44321 44322 44338 44339 44358 44359 44375 44401 44402 44424 44469 44485 44500 44512 44531 44532 44562 44586 44640 44689 44690 44703 44704 44705 44722 44736 44761 44815 44816 44836 44880 44925 44949 44968 44993 45009 45028 45029 45047 45077 45096 45124 45139 45152 45168 45222 45223 45237 45257 45258 45281 45282 45300 45315 45327 45328 45346 45366 45404 45423 45440 45441 45460 45461 45501 45514 45534 45535 45558 45592 45631 45632 45633 45658 45677 45694 45695 45696 45757 45789 45815 45816 45827 45828 45877 45878 45898 45909 45918 45946 45947 45949 45960 45976 45977 45988 46015 46042 46043 46054 46098 46099 46114 46115 46160 46195 46225 46226 46258 46270 46286 46319 46333 46334 46367 46368 46369 46414 46429 46430 46431 46444 46460 46487 46498 46499 46517 46518 46533 46545 46575 46588 46589 46614 46628 46645 46657 46683 46684 46685 46699 46723 46746 46771 46804 46820 46821 46822 46823 46834 46856 46857 46894 46905 46906 46907 46958 46978 46979 46980 47026 47048 47063 47093 47105 47229 47258 47292 47293 47294 47309 47316 47332 47333 47375 47376 47394 47413 47414 47425 47437 47438 47452 47493 47505 47544 47557 47569 47570 47610 47635 47697 47757 47772 47841 47842 47868 47891 47903 47912 47983 47996 48078 48120 48128 48196 48223 48235 48251 48263 48317 48330 
	}
		
	history = {
		owner = RUS
		
		buildings = {
		}
		
		add_core_of = RUS
	}
    
	buildings_max_level_factor=1.000
        manpower=1
        state_category = rural
}
