state={
	id=442
	name="STATE_442"
	provinces={
		287 530 606 611 884 951 1734 1774 1861 1983 2021 2287 3249 3417 3484 3627 3628 4243 5314 5646 6104 6254 6540 6665 6673 6706 6862 7110 7135 7189 7291 7542 7955 8083 8168 8410 8489 8620 8715 8821 8976 9087 9346 9585 9778 10094 10165 10217 10234 10402 10917 11793 12214 12351 12436 12540 12789 13006 13021 13161 13339 13550 13601 13854 13884 13948 13994 14281 14648 14667 14838 14911 15123 15242 15257 15352 15856 16626 16759 16827 17029 17082 17916 17925 18117 18313 18417 19224 19640 19670 19817 19843 20063 20172 20473 20484 20851 20991 21032 21069 21626 21709 21828 21950 22565 22650 22825 22927 23016 23227 23266 23452 23542 23619 24192 24329 24380 25131 25268 25445 25480 25598 25846 25930 26299 26565 26738 26980 26999 27018 27278 43802 43849 43991 44006 44030 44076 44160 44161 44199 44224 44248 44301 44333 44334 44372 44421 44422 44479 44480 44481 44510 44527 44528 44529 44561 44581 44618 44619 44635 44653 44686 44699 44700 44759 44777 44778 44794 44795 44850 44876 44899 44900 44901 44921 44945 44965 44989 45007 45008 45023 45075 45094 45122 45164 45178 45179 45235 45254 45255 45279 45343 45364 45421 45458 45476 45496 45497 45532 45556 45557 45577 45590 45591 45626 45627 45628 45629 45630 45676 45712 45713 45714 45743 45755 45773 45774 45813 45842 45843 45857 45895 45934 45973 45974 46013 46014 46040 46041 46074 46095 46096 46148 46159 46170 46178 46194 46224 46255 46284 46304 46317 46331 46332 46365 46366 46404 46452 46474 46485 46486 46543 46544 46613 46627 46656 46672 46698 46745 46756 46787 46802 46880 46881 46931 46932 46956 46977 47008 47009 47024 47025 47046 47076 47102 47182 47211 47227 47239 47307 47308 47331 47374 47387 47423 47435 47451 47481 47492 47503 47568 47585 47621 47679 47696 47727 47748 47793 47840 47861 47877 47889 47941 47967 
	}
		
	history = {
		owner = RUS
		
		buildings = {
		}
		
		add_core_of = RUS
	}
    
	buildings_max_level_factor=1.000
        manpower=1
        state_category = rural
}
