
state={
	id=445
	name="STATE_445"
	provinces={
		1263 2207 2495 2702 2742 3907 3929 3931 4387 4714 4762 4978 4999 5907 6471 6500 6868 9473 10006 10506 10579 10823 11478 11749 11960 12632 12687 13133 13304 14028 14282 14483 14490 14538 14610 14726 14976 14990 15638 15935 15971 16257 17469 18855 19734 19869 20010 20521 20692 20694 20874 20876 20900 21149 21405 22104 22297 22581 22712 23012 23544 23593 24437 24576 24621 24626 25020 25027 25128 25543 25620 25899 25933 26412 26684 27253 27470 44677 44839 44958 44974 45011 45050 45051 45106 45127 45184 45227 45289 45368 45369 45465 45466 45483 45504 45542 45543 45561 45562 45599 45663 45683 45702 45720 45737 45747 45760 45761 45820 45831 45849 45863 45884 45924 45939 45953 45990 45991 46004 46047 46057 46086 46101 46118 46135 46176 46179 46180 46181 46215 46231 46289 46290 46291 46446 46465 46479 46522 46548 46565 46591 46592 46632 46647 46725 46726 46735 46827 46984 47012 47143 47311 47457 
	}
	manpower=1
	buildings_max_level_factor=1.000
	state_category=rural
	local_supplies=0.000
}
