state={
	id=446
	name="STATE_446"
	provinces={
		72 212 726 945 1094 1127 1230 2012 2286 2615 2715 2773 2874 2979 3084 3093 3685 3819 4425 5016 5527 5531 5538 6097 6379 7082 7670 8069 8465 8511 8517 8608 9237 9298 9392 9396 9416 9483 9807 9919 10014 10714 11284 11653 12041 12465 12508 13034 13289 13463 13485 14657 16118 16237 16246 16263 16287 16318 16418 16538 16617 16941 16948 16965 17637 17930 18037 18437 18580 18850 18947 18954 19037 19080 19131 20003 20109 20169 20231 20415 20938 21062 21720 22056 22100 22214 22342 22502 22547 22556 22810 24878 24891 24930 25064 25155 25259 25278 25326 26257 26394 26421 26865 27067 27392 45407 45425 45538 45578 45595 45699 45805 45806 45817 45860 45861 45920 45921 45962 45963 46002 46003 46075 46084 46173 46228 46260 46271 46336 46370 46379 46391 46392 46405 46454 46462 46477 46489 46519 46535 46536 46560 46590 46629 46630 46659 46687 46688 46701 46702 46734 46757 46758 46836 46837 46838 46909 46910 46963 46964 46981 46982 47079 47080 47081 47094 47111 47124 47125 47126 47184 47185 47215 47231 47242 47243 47275 47276 47277 47295 47296 47396 47439 47496 47525 47526 47546 47572 47636 47637 47652 47681 47714 47759 47774 47775 47796 47845 47904 48001 48041 48080 48123 48163 48341 48464 48481 
	}
	buildings_max_level_factor=1.000
        manpower=1
        state_category = rural
}
