state={
	id=447
	name="STATE_447"
	provinces={
		408 479 590 773 810 1071 1246 1364 1438 1832 2291 3189 3414 3734 3740 4260 4460 4493 4509 4950 5154 5822 5865 5998 6771 7581 7791 8252 8615 8685 8839 8913 8966 9564 10209 10247 10400 10914 10938 11174 11281 11718 11856 12031 12452 13124 13204 14321 14548 14773 16126 16308 16918 17010 17062 17100 17257 17722 17907 18159 18226 18448 18570 18599 18632 19021 20185 20278 20629 21491 22610 22698 22727 23134 23228 23398 23446 23461 23758 24841 24996 25197 25269 25331 25884 25938 25972 26154 26254 26821 26826 27419 46151 46307 46464 46490 46537 46562 46563 46617 46618 46646 46660 46689 46715 46790 46807 46826 46839 46882 46911 46912 46923 46935 46936 46965 46983 47035 47049 47064 47065 47155 47168 47186 47197 47232 47244 47245 47259 47335 47336 47357 47379 47397 47398 47456 47483 47484 47508 47509 47527 47535 47600 47626 47639 47654 47682 47683 47730 47737 47781 47798 47799 47862 47863 47931 47970 48016 48059 48066 48164 48176 48252 48267 48307 48380 48419 
	}
	buildings_max_level_factor=1.000
        manpower=1
        state_category = rural
}
