state={
	id=449
	name="STATE_449"
	provinces={
		343 469 477 1023 1710 1729 1760 2154 2405 2647 2868 2904 2930 3283 3495 3908 3998 4412 5455 5932 6070 6202 6213 6360 6763 7183 7577 7880 8146 8315 8341 8452 8598 9221 9581 9667 9912 10190 10246 10349 10650 10915 11437 11493 11567 11820 11880 11951 12023 12068 12113 12118 12884 12886 13031 13079 13332 13467 13609 13712 14106 14249 14297 14404 14476 14942 15464 15592 15902 16666 17183 17556 18008 18152 18804 18910 19029 19043 19585 19596 19877 19892 20227 20578 20797 20869 20928 20981 21037 22459 22900 23001 23113 23262 23885 23981 24091 24409 24477 24564 24778 24811 24843 24975 25496 25730 25891 26134 26196 26326 26493 27063 27200 45865 45866 45940 46024 46102 46120 46121 46137 46163 46164 46199 46217 46233 46234 46235 46247 46248 46277 46278 46279 46293 46294 46310 46322 46323 46372 46373 46374 46382 46383 46395 46421 46433 46434 46466 46480 46503 46504 46524 46549 46568 46577 46578 46608 46609 46619 46633 46661 46662 46693 46706 46718 46729 46752 46775 46776 46777 46793 46809 46829 46842 46869 46870 46914 46925 46940 46941 46942 46967 46968 46969 46970 46986 47069 47070 47083 47084 47096 47097 47112 47113 47131 47169 47170 47192 47199 47221 47234 47247 47248 47263 47264 47312 47338 47339 47364 47365 47366 47441 47458 47486 47487 47516 47537 47538 47550 47551 47575 47589 47604 47615 47627 47641 47687 47704 47718 47741 47753 47766 47820 47848 47922 47944 47945 47960 48011 48026 48027 48082 48091 48168 48185 48281 48354 48578 48640 
	}
	buildings_max_level_factor=1.000
        manpower=1
        state_category = rural
}
