
state={
	id=45
	name="STATE_45"
	provinces={
		1412 3863 3988 5997 6608 7190 7856 8055 8165 8812 9530 10015 10102 10118 10630 11403 11462 11508 11719 12574 13030 14017 14908 15186 16238 16443 17732 19694 20889 22179 22325 22470 22504 22782 24116 24399 24552 25439 25558 26995 37445 37641 37642 37742 37743 37791 37811 37838 37931 38010 38036 38263 38487 38535 38662 38761 38780 38835 38950 39050 39388 39468 39654 39776 39811 39877 39970 40058 40125 40158 40159 40225 40247 40324 40410 40516 
	}
	history = {
        owner = UKR
		add_core_of = UKR
		
	}

	state_category=town
	manpower=11500
	buildings_max_level_factor=1.000
	local_supplies=0.000
}
