state={
	id=450
	name="STATE_450"
	provinces={
		177 261 496 533 621 790 876 957 1130 1279 1453 1456 1555 1602 1816 1893 1900 1967 2001 2174 2178 2297 2659 2795 2983 3366 3493 3581 3665 3713 3746 3896 4220 4323 4417 4426 4550 4561 4656 4658 4748 4952 4980 4986 4989 5139 5291 5485 5726 5769 5808 5944 6000 6001 6015 6022 6085 6203 6251 6260 6436 6447 6498 6718 6765 6902 7794 7839 7857 7986 7990 8058 8218 8485 8536 8549 8665 8808 9000 9004 9205 9259 9269 9348 9428 9432 9523 9634 9694 9722 10040 10215 10248 10431 10517 10891 10977 10994 11055 11110 11144 11212 11264 11318 11331 11536 11591 11651 11709 11720 11763 11988 12063 12330 12470 12477 12609 12621 12650 12727 12762 12838 12844 12878 12882 12899 12930 13038 13061 13199 13393 13629 13732 13875 13959 14073 14100 14125 14148 14233 14492 14630 14680 14740 14958 15187 15285 15347 15487 15498 15508 15702 15724 15748 15760 15773 15996 16171 16312 16432 16686 16778 16817 16992 17105 17213 17338 17363 17460 17498 17541 17571 17883 17948 18059 18234 18291 18479 18702 18790 18826 18877 18959 19019 19174 19240 19258 19766 19824 19866 20042 20284 20291 20382 20394 20659 20724 20823 20926 21044 21055 21101 21179 21290 21466 21514 21537 21617 21659 21670 21681 21689 21878 21888 21944 22212 22317 22507 22603 22616 22620 22625 22648 22692 22776 22884 22941 22975 23024 23026 23033 23056 23215 23322 23387 23426 23486 23570 23673 23838 23913 23979 24359 24503 24656 24739 24770 25036 25246 25596 25638 25696 25906 25946 26204 26267 26286 26344 26357 26675 26687 26749 26940 26993 27032 27089 27114 27116 27159 27237 27280 27321 27360 27534 44685 44721 44793 44865 44920 44944 44988 45059 45149 45202 45234 45325 45342 45363 45386 45387 45475 45531 45555 45575 45576 45657 45733 45742 45772 45803 45841 45855 45856 45875 45876 45916 45945 45972 46001 46011 46012 46064 46130 46147 46157 46158 46169 46209 46303 46315 46316 46347 46364 46427 46443 46451 46459 46473 46515 46516 46532 46557 46574 46601 46602 46612 46626 46655 46670 46671 46713 46800 46801 46819 46879 46891 46892 46904 46953 46955 46976 46991 46992 47006 47007 47023 47032 47045 47059 47060 47061 47075 47101 47121 47122 47153 47165 47166 47179 47180 47181 47195 47207 47208 47209 47210 47270 47271 47272 47288 47289 47290 47291 47306 47327 47328 47329 47330 47371 47372 47373 47386 47432 47433 47434 47449 47450 47464 47465 47478 47479 47480 47501 47502 47520 47521 47543 47564 47565 47566 47567 47583 47584 47596 47608 47609 47620 47633 47634 47647 47665 47694 47695 47725 47726 47734 47746 47747 47756 47770 47771 47780 47792 47810 47811 47826 47838 47839 47857 47858 47859 47860 47867 47876 47887 47888 47901 47902 47918 47927 47939 47940 47956 47979 47980 47981 47991 47992 48005 48013 48021 48040 48053 48065 48076 48095 48116 48117 48118 48127 48134 48135 48136 48145 48150 48172 48181 48182 48193 48210 48211 48222 48231 48232 48259 48260 48269 48270 48275 48313 48314 48315 48328 48329 48348 48349 48368 48398 48412 48413 48428 48440 48441 48442 48475 48490 48491 48492 48500 48518 48519 48540 48541 48554 48566 48567 48568 48582 48583 48597 48606 48663 48673 48674 48684 48716 48717 48718 48730 48770 48771 48808 48809 48810 48811 48824 48825 48826 48827 48844 48859 48860 48872 48887 48918 48919 48939 48940 48941 48957 48978 48984 49009 49026 49027 49041 49042 49043 49044 49089 49104 49108 49136 
	}
		
	history = {
		owner = RUS
		
		buildings = {
		}
		
		add_core_of = RUS
	}
    
	buildings_max_level_factor=1.000
        manpower=1
        state_category = rural
}
