state={
	id=451
	name="STATE_451"
	provinces={
		296 1273 1711 1987 2247 3520 3758 3834 3993 4291 4776 4817 5041 5072 5199 5526 6654 6717 6786 7225 7980 8202 8448 8537 8621 8658 8698 9084 9088 9176 9245 9397 9555 9871 10425 11011 11045 11117 11229 11280 11335 11507 11559 11634 11696 12297 13002 13112 13445 13958 14235 14293 14378 14419 14471 15562 15708 16268 16719 16816 16999 17372 17430 17495 17688 18019 18640 19978 20846 21001 21144 21321 21403 21982 22011 22265 22594 22984 23079 23209 23268 23351 23622 23808 23852 23878 24078 24598 25066 25336 25727 25998 26298 26351 26877 27353 27413 27493 46488 46558 46658 46714 46747 46805 46858 46959 46960 46961 46993 47033 47078 47106 47107 47108 47109 47167 47196 47241 47273 47310 47334 47354 47395 47415 47426 47453 47466 47494 47495 47523 47533 47558 47598 47611 47622 47648 47649 47698 47712 47736 47749 47794 47795 47827 47869 47879 47892 47928 47929 47997 47998 47999 48000 48054 48079 48088 48089 48108 48109 48147 48152 48175 48236 48264 48277 48305 48351 48372 48378 48415 48431 48444 48479 48546 48617 48645 48657 48723 48830 48850 48902 48945 
	}
		
	history = {
		owner = RUS
		
		buildings = {
		}
		
		add_core_of = RUS
	}
    
	buildings_max_level_factor=1.000
        manpower=1
        state_category = rural
}
