state={
	id=452
	name="STATE_452"
	provinces={
		1044 1158 1175 1591 1789 3244 3280 3320 3329 3615 3722 4840 4879 5030 5225 5309 6236 6480 6546 6942 7982 8819 8853 9408 10304 10626 10839 11143 11317 11330 11502 11886 11916 12720 13198 13427 13458 13617 14022 14401 14812 15164 15381 15952 16069 16197 16484 16594 16595 16700 16705 17612 17706 17748 17911 18043 18878 19018 19077 19096 19369 19874 20069 20074 20409 20535 20564 20828 21242 22294 22683 22887 23843 23887 23918 24267 24348 24408 26285 26842 26961 27287 27469 27498 46825 46895 47110 47183 47214 47230 47355 47377 47416 47482 47534 47571 47623 47624 47650 47680 47713 47750 47758 47818 47843 47870 47893 47942 48007 48015 48122 48129 48130 48138 48197 48237 48265 48291 48292 48306 48340 48416 48493 48504 48512 48557 48572 48585 48618 48631 48632 48633 48666 48677 48688 48732 48742 48743 48750 48751 48785 48831 48832 48863 48973 48986 49012 49022 49099 49130 49194 49199 49252 49253 49304 49357 49441 
	}
		
	history = {
		owner = RUS
		
		buildings = {
		}
		
		add_core_of = RUS
	}
    
	buildings_max_level_factor=1.000
        manpower=1
        state_category = rural
}
