state={
	id=453
	name="STATE_453"
	provinces={
		650 826 897 934 1001 1105 1754 2633 2793 3034 3232 3393 3905 4189 4255 4528 4539 4602 4683 5133 5252 5274 5338 5443 5478 5592 6038 6283 6547 6689 6806 6859 7066 7142 7304 7447 7449 8079 8351 8380 8541 8815 8895 8977 9039 9222 9627 9746 9817 10047 10204 10378 10541 10554 10745 11054 11469 11729 12180 12199 12225 12275 12397 12652 12684 12928 13117 13300 13348 13431 13457 13462 13766 13794 13831 13843 13924 13997 14094 14361 15170 15295 15440 15583 15612 15802 16131 16259 16273 16332 16465 16557 16561 16575 16991 17185 17192 17357 17575 17683 17716 17800 17903 18151 18261 18363 18389 18439 18871 19327 19424 19464 19715 19917 20100 20106 20203 20433 20720 20798 20872 20940 21151 21183 21396 21424 21668 22110 22209 22246 22444 22764 22831 22842 23091 23226 23240 23386 23438 23639 23846 23866 24239 24417 24923 24964 25012 25194 25356 25440 25515 25624 25702 25771 25900 26001 26067 26149 26545 26602 26859 26912 27245 27417 27446 27517 46607 46692 46727 46751 46760 46761 46774 46791 46808 46840 46841 46867 46868 46884 46924 46937 46966 46985 47013 47036 47037 47052 47067 47068 47082 47095 47130 47144 47190 47191 47198 47217 47218 47219 47220 47233 47260 47261 47262 47319 47337 47362 47363 47380 47390 47400 47407 47408 47417 47428 47469 47470 47485 47498 47499 47512 47513 47514 47515 47528 47549 47559 47574 47603 47614 47656 47657 47667 47668 47669 47684 47685 47686 47716 47717 47731 47739 47740 47752 47764 47765 47776 47782 47801 47802 47812 47819 47872 47883 47884 47895 47906 47921 47959 47986 48002 48010 48018 48019 48025 48043 48044 48062 48063 48081 48141 48154 48155 48167 48201 48225 48242 48243 48272 48279 48280 48294 48295 48322 48342 48433 48447 48484 48496 48507 48529 48536 48550 48577 48588 48603 48604 48621 48639 48648 48658 48681 48699 48711 48712 48713 48724 48725 48736 48752 48778 48790 48797 48838 48864 48865 48904 48934 48961 48987 48988 49002 49003 49049 49050 49060 49083 49101 49212 49263 
	}
	buildings_max_level_factor=1.000
        manpower=1
        state_category = rural
}
