state={
	id=454
	name="STATE_454"
	provinces={
		257 622 695 1079 1474 1890 2092 2166 2309 3235 3513 3867 4039 4586 4994 5162 5420 5516 5772 5896 5927 5992 6244 6315 6416 7021 7035 7196 7219 7506 7523 8216 8235 8737 9219 9600 10015 10050 10368 10429 10614 10633 11130 11589 11893 12109 12537 12658 13353 13418 14061 14071 14086 14500 15089 15940 16018 16145 16266 16459 16543 16870 17577 17651 17861 18839 19439 19534 20232 20449 20556 21377 21654 21795 21824 22202 22960 23347 23538 23901 23908 23909 24480 25449 26122 26183 26520 26540 26615 46691 46750 46866 46883 46995 47011 47027 47050 47128 47129 47156 47187 47188 47189 47297 47317 47318 47358 47359 47360 47399 47467 47510 47511 47536 47547 47548 47587 47601 47602 47612 47655 47701 47702 47751 47762 47800 47830 47847 47864 47882 47894 47905 47920 47971 48009 48017 48023 48024 48060 48067 48098 48124 48131 48132 48139 48140 48165 48166 48177 48218 48224 48278 48308 48391 48420 48432 48482 48483 48494 48495 48548 48558 48575 48602 48680 48734 48735 48744 48835 48960 49113 49122 49147 49243 49311 49369 49415 
	}
	buildings_max_level_factor=1.000
        manpower=1
        state_category = rural
}
