state={
	id=455
	name="STATE_455"
	provinces={
		5 445 633 1196 1213 1286 1436 1460 1623 2008 2051 2295 2358 2489 2507 2720 2740 2819 2973 3026 3090 3255 3706 3783 3790 3817 3821 4390 4882 4892 4939 4954 5065 5093 5185 5189 5223 5288 5312 5600 5607 5623 5863 5957 6174 6382 6519 6541 6550 6950 7377 7418 7993 8675 8921 8932 8936 9007 9033 9078 9267 9540 9806 9852 10619 10663 10780 11168 11576 11752 12277 12523 12548 12764 12816 12888 13140 13560 13599 13666 13676 13788 13930 13949 13953 14352 14387 14461 14605 14772 15048 15109 15356 15618 15756 16360 16445 16603 16822 17117 17149 17150 17511 18191 18315 18423 18659 18824 19355 19444 19713 20243 20700 20762 20787 20978 21142 21284 21343 21408 21522 21991 22241 22285 22659 22667 22856 22872 23120 23316 23360 23516 23597 23605 24189 24211 24358 24669 24712 24834 25045 25088 25369 25394 25469 25688 26075 26115 26164 26179 26248 26362 26417 26494 26564 26596 26680 26956 27508 47278 47279 47356 47378 47389 47454 47455 47497 47507 47573 47599 47638 47653 47700 47715 47760 47761 47797 47829 47846 47881 47930 47969 47985 48008 48056 48057 48058 48090 48110 48200 48216 48217 48238 48239 48266 48271 48293 48319 48373 48386 48387 48388 48389 48402 48418 48453 48505 48506 48523 48524 48528 48547 48574 48600 48619 48668 48697 48708 48733 48776 48815 48816 48833 48892 48912 48947 48948 48949 48959 49013 49036 49048 49059 49066 49067 49076 49112 49154 49155 49195 49207 49208 49237 49242 49269 49281 49330 49346 49358 49359 49375 49392 49402 49421 49430 49442 49443 49474 49481 49500 49501 49521 49532 49542 49566 49572 49581 49582 49589 49607 49617 49630 49648 49649 49657 49658 49699 49730 49750 49751 49764 49815 49821 49885 
	}
	history = {
		owner = ROM
		
		buildings = {
		}
		
		add_core_of = ROM
	}
	buildings_max_level_factor=1.000
        manpower=1
        state_category = rural
}
