state={
	id=456
	name="STATE_456"
	provinces={
		417 1145 2035 3186 3921 4178 4288 4871 8333 9793 9950 10721 12036 13351 13569 13797 14149 14377 14379 14730 15000 15154 15608 17865 18249 18344 20060 21663 22891 23004 24641 26000 27153 47406 47506 47545 47625 47651 47666 47699 47729 47773 47828 47880 47984 48055 48096 48097 48198 48199 48318 48352 48401 48417 48462 48463 48599 48667 48678 48786 48796 48993 49146 
	}
	buildings_max_level_factor=1.000
        manpower=1
        state_category = rural
}
