state={
	id=457
	name="STATE_457"
	provinces={
		889 2265 2454 2999 3430 3794 4415 4649 4864 5148 5329 6043 6222 6774 7053 7232 7362 7627 7645 7683 7944 8379 8440 9291 9574 9693 11853 12143 12177 12335 12539 12608 12845 13724 13938 14181 14245 14303 14463 14502 14627 14790 15641 16369 17254 17794 18031 18076 18355 18567 18977 19076 19197 19336 19445 19767 20033 20050 20447 20642 20782 20814 20853 21444 21519 21571 21826 22067 22448 22553 23188 23508 23512 23585 23632 23677 24258 24322 24481 24614 24655 24703 26207 26228 26869 27169 27350 27412 47957 47993 47994 48014 48077 48105 48106 48146 48161 48173 48194 48214 48233 48248 48276 48288 48316 48338 48350 48362 48369 48400 48429 48459 48476 48477 48501 48521 48522 48555 48569 48584 48608 48614 48629 48655 48656 48675 48685 48696 48707 48721 48760 48812 48849 48861 48900 48901 48928 48943 48979 48985 49000 49010 49056 49073 49081 49090 49229 49240 49251 49342 49382 49425 49529 49579 49615 49667 49675 49686 49727 49736 49737 49761 49776 49794 49813 49814 49850 49871 49913 
	}
		
	history = {
		owner = RUS
		
		buildings = {
		}
		
		add_core_of = RUS
	}
    
	buildings_max_level_factor=1.000
        manpower=1
        state_category = rural
}
