state={
	id=458
	name="STATE_458"
	provinces={
		56 714 813 1118 1140 1430 1445 1826 2338 3458 3607 3832 4054 4369 4725 4734 4795 5451 5711 6365 6732 7239 7767 7798 8197 8716 8754 9109 9243 9260 9863 9891 10038 10062 10566 10757 11056 11339 11732 11889 12419 12815 13920 14783 14832 15099 15313 15398 16736 16895 18134 18434 18505 18680 18780 20297 20310 20366 20673 20906 21051 21840 21863 22380 22574 23350 23409 23562 24116 24399 25044 25398 25640 25648 26242 26243 46913 47066 47361 47440 47468 47588 47613 47640 47703 47738 47763 47831 47871 47943 47958 48042 48061 48068 48153 48178 48240 48241 48320 48321 48353 48446 48454 48465 48466 48549 48559 48576 48586 48587 48638 48646 48647 48698 48788 48789 48836 48837 48875 48933 48995 49014 49015 49105 49170 49224 49244 49293 49347 49376 49445 49454 49475 49476 49534 49555 49590 49591 49691 49707 49724 49767 
	}
	history = {
		owner = ROM
		
		buildings = {
		}
		
		add_core_of = ROM
	}
	buildings_max_level_factor=1.000
        manpower=1
        state_category = rural
}
