state={
	id=459
	name="STATE_459"
	provinces={
		38 68 172 205 833 840 853 991 1529 1567 1759 1794 2075 2085 2258 2361 2477 2662 3086 3426 3583 3612 3711 3726 3753 3975 4361 4520 4593 4611 4827 4831 4915 5001 5436 5450 5480 5674 5866 5970 6065 6077 6157 6218 6252 6342 6517 6526 6616 6746 6968 7105 7217 7391 7474 7511 8111 8469 8488 8644 8682 8941 8951 9043 9085 9117 9150 9188 9247 9341 9530 9532 9576 9645 9685 9742 9769 9860 10135 10153 10572 10589 10677 10733 10929 11007 11230 11327 11344 11398 11786 12126 12308 12461 12485 12721 12863 12941 13051 13213 13235 13394 13432 13582 13619 13793 13822 13899 13993 14006 14144 14212 14616 14745 14770 14774 14799 14887 15115 15202 15415 15458 15581 16099 16105 16296 16404 16520 16792 16853 16913 17024 17202 17246 17284 17384 17547 17677 17696 17922 18149 18179 18388 18395 18583 18770 18782 18924 18990 19020 19035 19362 19371 19455 19588 19656 19721 19857 19988 20017 20054 20162 20179 20259 20408 20716 20905 21262 21326 21395 21779 22316 22364 22538 22580 22632 22819 22853 22881 23146 23569 23583 23612 23888 23896 24000 24112 24172 24216 24401 24485 24695 24788 24835 24894 24906 24981 25006 25297 25789 26014 26094 26411 26574 26760 27005 27013 27142 48104 48212 48213 48261 48399 48414 48520 48542 48607 48613 48653 48654 48719 48720 48772 48773 48774 48782 48848 48888 48889 48899 48909 48920 48942 48969 48970 48971 48999 49028 49029 49064 49065 49080 49109 49119 49126 49137 49138 49153 49163 49168 49174 49191 49205 49218 49221 49222 49250 49258 49291 49300 49301 49309 49310 49317 49334 49365 49366 49407 49412 49424 49440 49450 49451 49458 49462 49486 49493 49494 49495 49513 49520 49528 49539 49550 49561 49562 49563 49564 49604 49611 49612 49613 49614 49626 49627 49639 49640 49647 49654 49666 49674 49704 49705 49721 49726 49735 49741 49766 49770 49774 49775 49790 49793 49799 49803 49810 49811 49812 49827 49834 49835 49844 49849 49870 49876 49877 49883 49884 49890 49903 49904 49905 49911 49912 49920 49925 49932 49933 49934 49941 49948 49962 49969 49981 49982 49996 50002 50003 50008 50017 50018 50023 50032 50041 50047 50061 50071 50083 50096 50097 50098 50106 50120 50181 50190 50216 50235 50242 50243 50266 50274 50335 
	}
		
	history = {
		owner = RUS
		
		buildings = {
		}
		
		add_core_of = RUS
	}
    
	buildings_max_level_factor=1.000
        manpower=1
        state_category = rural
}
