state={
	id=460
	name="STATE_460"
	provinces={
		97 133 507 529 930 1238 1506 1775 2058 2552 2813 3987 3989 4237 4761 4921 5054 5122 5604 5955 6570 6588 6681 6761 6833 7690 7714 7904 8114 8589 8701 8964 9402 9535 9616 9851 9943 10119 10180 10407 10492 11152 11779 11809 12061 12385 12649 12683 12871 13036 13201 13214 13528 13721 13888 13905 14477 14884 15045 15409 15437 15550 15653 15676 15737 16108 16193 16457 16475 16690 16695 16718 16811 16925 17094 17158 17263 17438 17692 18251 18663 19151 19285 19575 19955 20186 20224 20613 20730 21025 21053 21071 21397 21550 21631 21650 22221 22794 23078 23219 23307 23770 23777 24160 24659 25174 25625 25689 25735 25745 25844 25997 26240 26670 27197 27454 48390 48403 48445 48513 48601 48620 48636 48637 48669 48679 48709 48710 48762 48777 48787 48834 48851 48874 48884 48903 48921 48932 48950 49023 49031 49068 49077 49082 49121 49143 49144 49169 49182 49209 49210 49211 49223 49238 49254 49270 49271 49282 49292 49337 49431 49444 49464 49482 49483 49509 49533 49543 49554 49567 49573 49583 49598 49599 49631 49659 49671 49690 49700 49723 49765 49800 49805 49823 49829 49915 49923 49951 50005 50020 50050 50064 50090 50103 50109 50110 50111 50141 50211 50225 50257 50288 50330 
	}
	history = {
		owner = ROM
		
		buildings = {
		}
		
		add_core_of = ROM
	}
	buildings_max_level_factor=1.000
        manpower=1
        state_category = rural
}
