
state={
	id=461
	name="STATE_461"
	provinces={
		33 61 118 214 226 230 250 343 357 364 372 423 469 474 477 537 706 718 736 760 859 1007 1023 1181 1208 1241 1388 1409 1469 1486 1521 1710 1724 1729 1760 1851 1860 1894 2073 2154 2335 2405 2502 2647 2836 2868 2904 2927 2930 2958 3283 3495 3502 3592 3780 3908 3998 4116 4412 4456 4769 4851 4992 5083 5110 5153 5293 5308 5368 5385 5439 5455 5512 5520 5550 5628 5671 5737 5932 6070 6106 6159 6177 6180 6186 6196 6202 6213 6216 6242 6274 6307 6327 6360 6384 6463 6723 6763 6970 7092 7183 7203 7204 7235 7349 7446 7499 7535 7577 7578 7584 7593 7623 7630 7719 7757 7762 7787 7880 7952 8063 8135 8146 8189 8266 8315 8320 8341 8361 8452 8598 8986 8995 9029 9221 9251 9271 9433 9553 9581 9639 9667 9892 9912 9921 9984 10054 10190 10246 10349 10397 10405 10420 10650 10673 10718 10813 10915 11080 11437 11460 11493 11567 11746 11747 11820 11880 11907 11951 12023 12068 12069 12113 12118 12141 12151 12238 12338 12350 12491 12696 12835 12853 12884 12886 12934 13030 13031 13079 13332 13354 13467 13477 13609 13624 13654 13712 13738 13825 13828 13912 14095 14106 14249 14286 14297 14404 14408 14476 14551 14554 14699 14707 14942 14983 15299 15464 15592 15634 15689 15847 15893 15902 15919 15992 16071 16278 16464 16533 16666 16756 16769 16824 16917 17007 17052 17139 17183 17249 17268 17392 17512 17556 17611 17639 17799 17881 17986 18008 18056 18102 18152 18188 18246 18319 18452 18509 18695 18804 18828 18910 19022 19029 19043 19180 19292 19309 19330 19559 19585 19596 19666 19744 19748 19829 19877 19892 19897 19989 20099 20122 20123 20165 20227 20252 20462 20471 20503 20578 20656 20797 20815 20869 20928 20950 20981 21037 21045 21319 21339 21354 21400 21446 21529 21582 21612 21847 21929 22161 22276 22337 22459 22529 22557 22861 22894 22900 23001 23005 23022 23041 23112 23113 23132 23179 23244 23262 23309 23355 23653 23660 23717 23723 23824 23885 23981 24091 24320 24409 24477 24564 24590 24604 24644 24778 24811 24843 24975 24994 25242 25286 25311 25368 25496 25649 25730 25850 25891 25941 25966 25969 26091 26134 26159 26196 26258 26272 26326 26348 26493 26535 26706 26838 26860 26868 26990 27046 27063 27101 27138 27200 27383 27445 27513 45865 45866 45940 46024 46102 46120 46121 46137 46163 46164 46199 46217 46233 46234 46235 46247 46248 46277 46278 46279 46293 46294 46310 46322 46323 46372 46373 46374 46382 46383 46395 46421 46433 46434 46466 46480 46503 46504 46524 46549 46568 46577 46578 46608 46609 46619 46633 46661 46662 46693 46706 46718 46729 46752 46775 46776 46777 46793 46809 46829 46842 46869 46870 46914 46925 46926 46940 46941 46942 46967 46968 46969 46970 46986 47039 47069 47070 47083 47084 47085 47096 47097 47112 47113 47131 47132 47133 47157 47169 47170 47192 47199 47221 47234 47247 47248 47263 47264 47312 47338 47339 47340 47364 47365 47366 47367 47418 47441 47458 47486 47487 47516 47537 47538 47550 47551 47552 47575 47576 47589 47604 47615 47627 47641 47642 47670 47687 47704 47718 47741 47742 47743 47753 47766 47813 47814 47820 47832 47848 47849 47850 47885 47896 47913 47922 47923 47944 47945 47946 47960 47961 47972 48011 48026 48027 48045 48082 48083 48091 48092 48126 48168 48185 48186 48187 48281 48297 48323 48324 48332 48333 48343 48354 48392 48393 48404 48405 48434 48467 48468 48485 48498 48514 48537 48561 48578 48589 48623 48624 48640 48641 48649 48682 48690 48700 48701 48754 48755 48764 48765 48766 48767 48798 48799 48817 48839 48845 48876 48913 48922 48951 48989 49004 49005 49039 49069 49085 49115 49132 49157 49158 49196 49220 49239 49245 49255 49264 49265 49272 49286 49312 49348 49371 49383 49384 49396 49417 49434 49447 49455 49465 49479 49511 49522 49547 49574 49634 49651 49652 49732 49745 49768 49787 49788 49792 49840 49858 49861 49862 49863 49873 49882 49928 49938 49967 49978 49984 49992 50043 50056 50059 50067 50081 50082 50089 50091 50112 50123 50136 50153 50162 50168 50219 50240 50250 50263 50292 50293 50300 50318 50327 50343 50354 50358 50394 50429 50430 50431 50437 50449 50450 50459 50482 50542 50588 50610 50611 50628 50647 50675 50694 50720 50730 50740 50751 50762 50782 50831 50867 50876 50934 50973 51000 51021 51056 51059 51081 51087 51091 51111 51116 51144 51163 51173 51183 
	}
	manpower=1
	buildings_max_level_factor=1.000
	state_category=rural
	local_supplies=0.000
}
