state={
	id=462
	name="STATE_462"
	provinces={
		1224 1600 1854 2272 2608 2938 3188 3609 4048 4183 4259 5698 5908 5956 6057 6621 6742 6847 6911 7015 7411 7426 8756 9373 9631 10073 10380 10496 10734 10818 11224 12286 12795 13217 13506 13757 13946 14816 15818 16194 16630 17738 19137 19264 20182 20262 20537 20662 21138 21825 22732 24289 24775 24794 25172 27404 48480 48573 48634 48635 48689 48891 48911 48931 48994 49035 49047 49058 49142 49268 49319 49320 49336 49379 49420 49429 49514 49580 49669 49677 49683 49712 49749 49763 49785 49820 49837 49907 49975 49983 50078 50079 50121 50165 50209 50255 50316 50403 50489 50552 50663 
	}
	buildings_max_level_factor=1.000
        manpower=1
        state_category = rural
}
