state={
	id=463
	name="STATE_463"
	provinces={
		260 344 1525 1991 2201 2235 2274 3003 3577 3831 3951 3961 4180 4247 4863 5141 5961 6009 6449 6827 7178 8940 9777 9942 10193 10306 11512 11800 12969 13150 13866 17730 18524 18559 18651 19056 19275 19570 19705 19847 19899 20129 20714 20757 21023 21687 23414 23779 24259 26108 26447 49106 49433 49504 49621 49661 49744 49824 49839 49894 49909 50152 50180 50249 50258 50681 50827 51417 51429 51445 51486 51491 51535 51549 51569 51621 
	}
	history = {
		owner = ROM
		
		buildings = {
		}
		
		add_core_of = ROM
	}
	buildings_max_level_factor=1.000
        manpower=1
        state_category = rural
}
