state={
	id=464
	name="STATE_464"
	provinces={
		6 1207 2064 4059 4775 4838 6198 6294 7258 7432 7622 8399 8532 8551 9991 10666 11967 13829 13985 14835 15373 16085 16221 16450 16753 16878 17300 18523 19057 19123 19745 20266 20505 21669 22410 22482 23212 24473 24529 25193 25507 26679 48893 48981 49016 49037 49093 49100 49123 49219 49261 49380 49432 49487 49515 49535 49556 49618 49660 49684 49713 49714 49739 49773 49778 49857 49881 49976 49990 50051 50073 
	}
	history = {
		owner = ROM
		
		buildings = {
		}
		
		add_core_of = ROM
	}
	buildings_max_level_factor=1.000
        manpower=1
        state_category = rural
}
