state={
	id=465
	name="STATE_465"
	provinces={
		73 91 109 488 754 1117 1646 1650 1689 1819 1923 2439 2635 2771 3224 3697 3763 4078 4356 4478 5058 5284 5325 5364 6128 6391 6450 7288 7512 7870 8110 8313 8327 8423 8449 8671 9018 9105 9313 9426 9947 9993 10470 10472 10641 11286 11400 11449 11790 11978 11984 12028 12158 12511 12670 12742 12850 13410 13433 14348 14631 14643 14769 15043 15074 15233 15594 15604 15637 15837 16130 16512 16596 17840 18088 18343 18345 18361 18471 18940 19007 19161 19207 19413 19607 20027 20228 20345 20644 20718 21009 21112 21442 21485 21754 21859 21945 22037 22176 22519 22685 23047 23499 23963 24181 24274 24397 24524 24543 24561 24642 25108 25132 25209 26246 26484 26744 26745 26908 27112 27349 48069 48125 48296 48331 48421 48497 48560 48622 48726 48745 48753 48763 48905 49017 49038 49084 49114 49131 49148 49156 49183 49200 49225 49283 49284 49285 49305 49306 49395 49484 49488 49502 49503 49516 49600 49609 49620 49715 49796 49801 49802 49893 49899 49937 49977 49991 50035 50118 50124 50207 50208 50212 50218 50262 50279 50283 50317 50393 50461 50507 50569 50606 50620 50637 50660 50717 50738 50739 50791 50798 50826 50851 50872 50888 50938 50965 50999 51016 51022 51023 51065 51101 51106 51225 
	}
	buildings_max_level_factor=1.000
        manpower=1
        state_category = rural
}
