state={
	id=466
	name="STATE_466"
	provinces={
		309 375 1798 1820 2015 2179 2194 3174 3296 3316 3823 4024 4142 4315 4377 4982 5188 5311 5557 6624 6644 6866 7108 7212 7818 7822 7827 7852 7924 8191 8427 8623 8721 9384 9924 10257 10344 10362 10790 11681 11692 11965 12008 12264 12444 12781 13119 13218 13549 14140 14141 14391 14956 15687 15857 16305 16381 17643 18334 18552 18795 19034 20034 20045 20554 21172 21469 21524 21646 21864 22160 22184 22451 23006 24193 24214 24517 24595 24639 25007 26236 26532 26763 27111 27162 48731 48741 48883 48946 49001 49045 49046 49092 49111 49129 49140 49141 49193 49260 49318 49356 49413 49428 49453 49531 49541 49553 49588 49597 49628 49641 49655 49668 49711 49722 49742 49828 49855 49879 49974 49988 50100 50114 50159 50192 50197 50202 50277 50313 50348 50349 50389 50399 50551 50600 50623 50667 50668 50753 50757 50759 50778 50802 50812 50814 50841 50883 50894 50899 50913 50920 50949 50950 
	}
		
	history = {
		owner = RUS
		
		buildings = {
		}
		
		add_core_of = RUS
	}
    
	buildings_max_level_factor=1.000
        manpower=1
        state_category = rural
}
