state={
	id=467
	name="STATE_467"
	provinces={
		19 59 153 158 174 256 279 382 627 792 856 878 1012 1293 1378 1497 1626 1810 1880 1998 2005 2056 2142 2432 2547 2561 2769 2784 3029 3044 3402 3571 3643 3807 3865 3958 3977 4120 4463 4488 4579 4718 4722 4808 5119 5445 5497 5580 5619 5670 5940 5973 6032 6197 6212 6219 6318 6344 6381 6434 6496 6695 6708 6915 6926 6930 6986 7129 7146 7241 7440 7773 7784 7903 7909 7940 7985 8121 8134 8172 8335 8413 8683 8711 8829 8836 8870 8914 9178 9285 9330 9412 9546 9571 9675 9803 9804 9920 9951 9961 10145 10206 10330 10412 10421 10493 10588 10647 10678 10812 11071 11139 11266 11349 11462 11722 11739 12134 12147 12236 12471 12488 12526 12749 12822 12862 13025 13179 13233 13315 13391 13498 13527 13533 13630 13847 13947 13954 13986 14011 14633 14651 14777 14948 14989 15108 15217 15389 15609 15630 15635 15692 15806 16045 16159 16245 16407 16821 16863 17034 17141 17166 17278 17348 17516 17540 17670 17731 18103 18233 18446 18510 18527 18665 18802 18887 19066 19296 19551 19784 19863 19867 19882 19884 20012 20018 20022 20039 20085 20298 20426 20593 20772 20887 21500 21533 21600 21696 21835 22004 22059 22332 22334 22534 22666 22876 23190 23260 23276 23401 23603 23614 23691 23750 24385 24483 24672 24875 25059 25084 25248 25264 25300 25376 25379 25655 25728 25942 26005 26021 26146 26296 26656 27012 27434 27494 27496 49335 49414 49470 49499 49565 49629 49656 49688 49738 49743 49772 49784 49795 49836 49851 49860 49872 49926 49942 49950 49970 50024 50042 50048 50049 50101 50108 50115 50127 50150 50185 50186 50187 50198 50229 50237 50254 50306 50314 50315 50326 50370 50371 50380 50381 50390 50402 50409 50413 50422 50426 50447 50454 50487 50492 50515 50522 50536 50561 50571 50586 50601 50618 50635 50651 50686 50690 50708 50724 50769 50775 50779 50806 50819 50834 50837 50838 50842 50852 50884 50885 50890 50891 50900 50914 50921 50939 50940 50955 50966 50977 50995 50996 51008 51015 51026 51050 51063 51068 51070 51071 51084 51094 51104 51110 51115 51119 51131 51172 51177 51179 51180 51192 51196 51210 51214 51232 51251 51252 51285 51319 51370 51390 51403 51424 51494 51509 51516 51560 
	}
		
	history = {
		owner = RUS
		
		buildings = {
		}
		
		add_core_of = RUS
	}
    
	buildings_max_level_factor=1.000
        manpower=1
        state_category = rural
}
