state={
	id=468
	name="STATE_468"
	provinces={
		974 1226 1579 2059 3979 4227 4318 4373 5243 5664 5748 5812 5979 6184 6235 7358 8009 8054 8928 10164 10576 10622 11020 12150 12296 13153 14454 14482 16845 17492 17546 18495 19312 19460 19637 19832 20367 21289 21306 22071 22910 23390 24032 25191 25755 25760 26249 26806 27448 49262 49360 49393 49446 49477 49544 49592 49608 49642 49643 49650 49731 49816 49892 49898 50006 50065 50104 50117 50122 50129 50179 50194 50246 50269 50280 50331 50352 50405 50448 50501 50574 50587 50605 
	}
	history = {
		owner = ROM
		
		buildings = {
		}
		
		add_core_of = ROM
	}
	buildings_max_level_factor=1.000
        manpower=1
        state_category = rural
}
