state={
	id=469
	name="STATE_469"
	provinces={
		661 785 800 1570 1839 1863 2167 2307 3781 3876 3883 3950 4093 4316 4751 5207 5324 5430 5796 5819 6114 6887 7874 8005 8038 8215 8253 8540 9287 9344 9461 9582 9902 9968 10046 10537 10767 10784 11396 11405 11468 11639 11663 11822 11904 12215 12352 12520 13368 13795 14604 14618 15673 16323 16928 17048 17142 17182 17839 17966 18416 18569 18628 18714 18979 19316 19645 19782 20093 20294 20478 20631 20767 21250 21768 21814 21852 21862 21985 22090 22375 23267 23348 23722 23915 24190 24241 25387 25805 26448 26715 27085 27380 49294 49321 49322 49370 49394 49416 49478 49510 49545 49546 49557 49619 49632 49633 49692 49725 49817 49846 49852 49927 49953 49954 49966 50013 50055 50066 50130 50131 50227 50231 50261 50276 50299 50322 50353 50357 50406 50436 50442 50458 50474 50494 50511 50512 50524 50538 50554 50559 50560 50568 50576 50593 50624 50643 50680 50688 50709 50713 50729 50746 50750 50761 50781 50797 50823 50835 
	}
	buildings_max_level_factor=1.000
        manpower=1
        state_category = rural
}
