state={
	id=47
	name="STATE_47"
	provinces={
		40 44 51 133 262 314 374 542 546 547 548 560 592 717 718 807 875 921 992 998 1063 1176 1339 1426 1470 1609 1722 1745 1775 1806 1962 2020 2031 2036 2196 2255 2273 2304 2317 2330 2333 2427 2474 2535 2597 2644 2648 2683 2701 2776 2783 2794 2888 3026 3047 3068 3251 3302 3344 3478 3501 3506 3534 3625 3642 3737 3743 3869 3900 3955 4053 4169 4203 4227 4287 4327 4531 4541 4584 4608 4619 4626 4873 5049 5077 5103 5138 5176 5189 5235 5244 5277 5294 5301 5386 5431 5446 5535 5562 5566 5581 5689 5701 5711 5777 5848 5855 6001 6120 6200 6231 6233 6246 6299 6376 6394 6405 6447 6548 6557 6565 6592 6664 6723 6726 6799 6840 6864 6933 6945 6979 7001 7050 7087 7127 7149 7157 7167 7211 7233 7279 7298 7374 8013 8021 8027 8041 8042 8059 8074 8084 8100 8112 8120 8122 8126 8136 8145 8159 8162 8167 8171 8198 8209 8245 8253 8256 8260 8292 8301 8314 8315 8325 8342 8344 8366 8378 
	}
	buildings_max_level_factor=1.000
        manpower=1
        state_category = town
}
