
state={
	id=47
	name="STATE_47"
	provinces={
		509 2679 3029 3086 3864 4393 4417 4426 6265 6291 6458 6684 6705 7282 7613 7973 8205 8610 9907 10581 10590 10857 11405 12839 12852 13372 13940 13947 14095 14103 14779 15543 15566 15655 15831 16019 16171 16937 17011 20127 20420 20492 20729 20964 21227 21303 21372 21936 22611 22740 22992 23508 23677 24372 24541 24549 24646 25063 26319 26661 26808 26895 44613 44773 44970 45077 45179 45288 45349 45402 45424 45446 45467 45468 45493 45507 45562 45563 45578 45602 45627 45654 45655 45672 45782 45807 45808 45828 45870 45914 45959 45994 46075 46086 46116 46117 46136 46137 46219 46249 46262 46289 46334 46335 46349 46418 46485 46496 46568 46587 46598 46639 46640 46673 46745 46758 46768 46805 46909 46940 46941 47060 47068 47082 47169 47214 47253 47342 47611 
	}
	history = {
        owner = UKR

		add_core_of = UKR	
	}

	state_category=rural
	manpower=34801
	buildings_max_level_factor=1.000
	local_supplies=0.000
}
