state={
	id=470
	name="STATE_470"
	provinces={
		231 1036 1078 1097 1307 1786 1935 2009 2077 2145 2790 3673 3947 4153 4576 4789 5640 5939 6405 7634 7753 8002 8164 8213 8226 8467 8614 8746 10121 10150 10223 10393 10459 10893 11014 11031 11165 11204 11706 12052 12369 12572 12586 12633 12786 12830 14619 15180 15267 15741 15948 16310 16604 16901 16943 16960 17206 17693 17906 18081 18228 18797 18983 19797 19905 20151 20550 20721 20756 21775 22153 22976 23072 23204 23720 23858 24506 24565 25257 25665 26219 26692 26782 27136 49838 49936 49952 49960 49989 49997 50033 50034 50142 50151 50161 50167 50172 50178 50226 50230 50308 50351 50365 50366 50383 50384 50410 50418 50428 50435 50440 50441 50457 50493 50499 50500 50505 50523 50531 50541 50567 50592 50630 50636 50642 50679 50697 50716 50728 50736 50777 50794 50820 50866 50886 50916 
	}
	buildings_max_level_factor=1.000
        manpower=1
        state_category = rural
}
