
state={
	id=471
	name="STATE_471"
	provinces={
		14 21 138 144 147 253 305 415 480 483 511 589 634 669 766 770 805 827 1039 1045 1051 1298 1322 1344 1392 1413 1479 1482 1514 1515 1543 1560 1585 1610 1977 1982 2133 2318 2409 2411 2471 2593 2634 2670 2696 2703 2750 2752 2763 2841 2847 2876 2946 3001 3033 3065 3071 3091 3097 3102 3119 3126 3315 3437 3455 3476 3481 3527 3632 3645 3668 3846 3899 3995 4092 4105 4117 4204 4231 4414 4504 4640 4659 4669 4706 4772 4890 4944 5032 5085 5135 5234 5265 5355 5407 5511 5560 5563 5581 5835 5902 6029 6036 6153 6161 6311 6389 6679 6747 6778 6881 6916 6963 6990 6994 7131 7402 7416 7653 7876 7930 8102 8147 8212 8357 8567 8577 8586 8592 9003 9086 9106 9192 9212 9266 9268 9326 9459 9497 9547 9607 9652 9670 9705 9946 10057 10066 10097 10120 10208 10503 10518 10591 10600 10642 10814 10904 10999 11164 11255 11311 11505 11719 11775 11848 11994 12006 12012 12178 12191 12276 12313 12361 12489 12529 12629 12672 12823 12965 12985 12992 13091 13242 13258 13274 13303 13311 13322 13360 13367 13614 13645 13659 13774 13785 13827 14104 14213 14398 14494 14523 14561 14613 14714 14927 14997 15040 15174 15339 15364 15385 15406 15770 15912 15923 16061 16147 16304 16331 16395 16400 16462 16516 16660 16831 16858 16946 16961 17236 17314 17446 17476 17477 17597 17641 17680 17746 17909 17962 18064 18109 18257 18268 18288 18449 18511 18528 18538 18578 18613 18725 18783 18810 19062 19179 19244 19323 19366 19418 19611 19743 19825 19901 19904 19918 20135 20158 20190 20271 20307 20428 20536 20690 20776 20802 20804 20863 21052 21082 21259 21283 21372 21412 21579 21621 21664 21714 21904 21918 21930 21987 22097 22134 22271 22583 22589 22803 22923 22957 23162 23483 23646 23665 23682 23810 23844 23872 23903 23991 24046 24114 24341 24562 24722 24867 25114 25481 25520 25837 26066 26201 26408 26451 26899 26903 26911 26963 27061 27078 27240 27326 27334 49670 49689 49755 49786 49804 49822 49845 49856 49880 49891 49908 49914 49935 49965 49971 49972 50004 50011 50012 50019 50025 50026 50080 50087 50088 50102 50116 50128 50135 50140 50160 50166 50193 50199 50210 50238 50239 50245 50248 50256 50260 50267 50268 50278 50286 50287 50291 50307 50336 50342 50350 50363 50364 50382 50391 50392 50404 50414 50423 50427 50434 50439 50455 50456 50468 50473 50479 50488 50504 50516 50530 50537 50540 50558 50579 50582 50599 50602 50603 50609 50619 50629 50648 50652 50653 50674 50678 50691 50701 50712 50727 50735 50745 50749 50776 50780 50788 50803 50807 50815 50824 50830 50839 50840 50843 50858 50862 50864 50871 50875 50892 50895 50896 50901 50915 50922 50924 50925 50941 50951 50958 50967 50984 50988 51001 51004 51009 51011 51027 51035 51040 51045 51064 51072 51120 51134 51142 51159 51160 51167 51168 51182 51185 51188 51189 51197 51200 51206 51223 51254 51263 51264 51267 51273 51277 51295 51299 51301 51330 51331 51351 51353 51369 51393 51396 51404 51420 51432 51438 51441 51452 51484 51537 51568 51584 51623 51655 51698 
	}
	manpower=1
	buildings_max_level_factor=1.000
	state_category=rural
	local_supplies=0.000
}
