state={
	id=472
	name="STATE_472"
	provinces={
		162 331 396 643 1402 1488 1493 1910 2027 2128 2251 2443 2680 2682 2700 2864 2880 2885 3148 3367 3664 4383 4453 4473 4544 4580 4696 4747 5124 5173 5562 5721 5745 5747 5875 5937 6067 6798 6812 6922 7643 7734 7754 7790 7889 7938 8187 8232 8244 8510 8573 8646 8830 9430 9861 10326 10381 10816 11089 11197 11268 11600 11702 11734 11827 11894 11922 12157 12358 12507 12547 12754 12828 12859 12935 13227 13337 13632 14180 14409 14442 14602 14704 14705 14710 14723 14747 15018 15090 15245 15279 15376 15573 15908 15984 16294 16927 17361 17422 17647 17843 17950 18335 18393 18899 18971 19111 19167 19203 19310 19365 19619 19885 19891 19973 20088 20524 20582 20604 20908 21576 21796 22079 22109 22205 22640 22851 23108 23137 23261 23407 23732 23761 24099 24247 24925 25111 25252 25559 25860 26777 27506 49987 50009 50054 50062 50063 50072 50084 50085 50134 50138 50139 50149 50176 50182 50191 50201 50217 50224 50228 50244 50253 50275 50281 50289 50290 50297 50298 50304 50305 50312 50341 50347 50356 50361 50362 50369 50375 50379 50387 50388 50433 50445 50446 50452 50460 50466 50467 50471 50472 50478 50486 50496 50497 50498 50520 50528 50529 50546 50557 50564 50565 50570 50572 50577 50584 50585 50591 50627 50633 50641 50646 50658 50662 50666 50673 50677 50684 50685 50693 50698 50699 50704 50705 50711 50718 50723 50737 50744 50756 50758 50765 50790 50811 50829 50836 50856 50857 50889 50954 50975 
	}
		
	history = {
		owner = RUS
		
		buildings = {
		}
		
		add_core_of = RUS
	}
    
	buildings_max_level_factor=1.000
        manpower=1
        state_category = rural
}
