state={
	id=473
	name="STATE_473"
	provinces={
		78 164 252 464 777 864 941 953 1026 1144 1267 1420 1433 1539 1681 1895 1992 2125 2127 2165 2257 2334 2341 2447 2464 2476 2660 2804 3361 3491 3598 3751 3784 3963 4100 4167 4296 4343 4615 4796 4820 4861 4990 5068 5137 5261 5262 5504 5687 5712 5849 5870 6183 6246 6372 6406 6670 6699 6927 6954 7084 7166 7541 7688 7732 8085 8089 8126 8132 8203 8221 8260 8655 8849 8933 9113 9158 9177 9183 9242 9257 9385 9478 9524 9749 9756 9766 10291 10564 10604 10675 10793 10955 11033 11193 11350 11366 11408 11414 11514 11625 11632 11764 11845 12002 12171 12211 12314 12339 12343 12386 12409 12447 12541 13131 13174 13240 13307 13350 13377 13555 13557 13648 13674 13839 13902 13974 14336 14337 14668 14687 14691 14800 15094 15137 15214 15349 15483 15555 15629 15730 15757 15909 15972 15976 16223 16285 16442 16611 16672 16938 17349 17513 17739 17812 17985 18267 18462 18513 18557 18716 18906 18918 19102 19107 19149 19553 19565 19842 20321 20406 20607 20879 21155 21367 21385 21845 21995 22199 22351 22658 22669 22752 23177 23221 23251 23424 23694 23760 23874 24318 24425 24526 25309 25339 25340 25447 25494 25737 25740 25989 26429 26936 27049 27059 27181 27190 27442 50444 50469 50484 50553 50566 50583 50604 50634 50654 50659 50687 50719 50754 50760 50789 50813 50816 50822 50844 50849 50865 50878 50931 50937 50942 50972 50979 50980 50989 50997 51012 51028 51046 51047 51079 51082 51085 51095 51124 51132 51136 51137 51143 51161 51175 51178 51181 51186 51198 51218 51219 51222 51233 51255 51278 51282 51286 51289 51309 51310 51316 51320 51322 51323 51325 51326 51337 51343 51358 51397 51425 51442 51454 51461 51476 51480 51485 51489 51490 51510 51523 51538 51543 51548 51563 51566 51575 51599 51628 51640 51674 51715 
	}
	history = {
		owner = ROM
		
		buildings = {
		}
		
		add_core_of = ROM
	}
	buildings_max_level_factor=1.000
        manpower=1
        state_category = rural
}
