state={
	id=474
	name="STATE_474"
	provinces={
		390 594 816 983 1141 1270 1548 1549 2082 2086 2292 2879 3112 3226 3254 4022 4351 4874 5168 5727 5969 6063 7427 7562 7679 7820 8317 8475 8651 9114 9263 9361 9826 10159 10395 10897 11673 11768 12222 12510 12524 12675 13120 13256 13364 13471 13960 14994 15001 15104 15327 15560 15823 16733 17502 17525 19558 19653 20164 21603 21943 22531 23778 23988 26237 26780 26945 50773 50795 50804 50859 50887 50917 50923 50945 50968 50985 50993 51014 51029 51032 51048 51073 51086 51121 51125 51126 51139 51147 51162 51190 51204 51207 51239 51243 51274 51279 51287 51288 51306 51348 51354 51362 51371 51469 51483 51525 
	}
	buildings_max_level_factor=1.000
        manpower=1
        state_category = rural
}
