state={
	id=475
	name="STATE_475"
	provinces={
		25 53 107 190 348 391 413 462 471 609 688 845 891 1101 1116 1300 1347 1421 1509 1604 1708 1828 1926 2031 2049 2087 2088 2126 2220 2312 2313 2336 2371 2446 2511 2677 2707 2713 2722 2809 2910 2916 2972 2991 3089 3150 3160 3256 3360 3444 3550 3658 3701 3835 3910 3955 4015 4121 4221 4236 4358 4502 4529 4636 4684 4713 4847 5012 5146 5235 5256 5340 5446 5466 5506 5669 5867 5886 5947 6037 6055 6091 6115 6132 6175 6187 6332 6385 6465 6476 6514 6520 6690 6791 6808 6811 6885 6906 6964 7017 7101 7192 7331 7335 7343 7485 7672 7721 7817 7863 8024 8076 8080 8152 8214 8286 8486 8513 8544 8564 8872 8982 9094 9159 9162 9172 9286 9370 9567 9580 9617 9673 9830 9834 9933 10024 10025 10043 10068 10080 10155 10241 10548 10682 10687 10722 10806 10902 11107 11263 11420 11473 11616 11761 11929 11943 12010 12152 12381 13086 13152 13175 13397 13502 13510 13598 13618 13851 13853 13921 13939 13956 13970 14087 14267 14349 14486 14520 14550 14854 14951 14967 14973 15144 15236 15260 15289 15321 15402 15421 15590 15631 15841 16103 16143 16250 16364 16814 16955 17237 17405 17515 17536 17658 17742 17996 18065 18132 18153 18217 18287 18391 19196 19246 19252 19261 19393 19451 19540 19550 19629 20121 20236 20616 20650 21021 21361 21428 21487 21531 21588 21751 21820 21822 22092 22262 22785 22797 22804 22830 22908 22946 23315 23389 23449 23701 24175 24394 24522 24679 24858 24868 25097 25121 25586 25876 25886 25962 26040 26292 26526 26635 26708 26812 27009 27188 27243 27385 27406 27418 27425 27487 27524 50796 50846 50850 50879 50880 50897 50902 50903 50918 50959 50964 50990 50998 51013 51036 51055 51069 51074 51080 51083 51100 51105 51122 51133 51154 51155 51165 51187 51205 51213 51215 51220 51229 51250 51256 51258 51268 51269 51275 51276 51290 51302 51313 51324 51327 51335 51340 51355 51363 51367 51374 51388 51398 51405 51406 51412 51427 51428 51444 51448 51466 51467 51473 51495 51502 51519 51528 51534 51554 51555 51583 51596 51600 51608 51616 51620 51630 51631 51642 51649 51658 51659 51667 51668 51676 51680 51689 51696 51699 51708 51710 51711 51712 51718 51724 51725 51732 51733 51736 51741 51753 51772 51775 51791 51814 51817 51833 
	}
	buildings_max_level_factor=1.000
        manpower=1
        state_category = rural
}
