state={
	id=476
	name="STATE_476"
	provinces={
		137 258 380 815 1159 1726 1823 3569 4182 4265 4801 4976 4991 5381 6632 6750 6756 6784 6870 7700 7966 8094 8889 9729 9900 10911 11036 11568 12217 12384 13640 13865 14306 14385 17171 18406 18520 18902 18915 19442 20111 21182 21296 22218 24234 24422 24792 25382 25553 27298 27472 51020 51049 51053 51092 51146 51166 51176 51209 51212 51221 51242 51245 51248 51270 51297 51312 51318 51339 51347 51436 
	}
		
	history = {
		owner = RUS
		
		buildings = {
		}
		
		add_core_of = RUS
	}
    
	buildings_max_level_factor=1.000
        manpower=1
        state_category = rural
}
