state={
	id=477
	name="STATE_477"
	provinces={
		22 135 808 1091 1154 1341 1465 1500 1582 1746 1850 1929 2040 2393 2485 2491 2540 2553 2994 3062 3154 3252 3454 3469 3723 3880 3904 3944 4224 4708 5049 5695 5729 5829 6424 6924 7083 7160 7352 7510 8293 8300 9011 9013 9048 9133 9314 9479 9784 10672 10725 10851 10852 11012 13511 13917 14003 14192 14608 14886 14930 16032 16303 16654 16871 17023 17313 17524 17558 17937 19006 19281 19489 20001 20944 22668 22938 23941 24244 24629 24943 25139 26567 51201 51224 51298 51305 51315 51336 51360 51379 51387 51437 51451 51477 51488 51512 51513 51518 51522 51544 51556 51571 51580 51595 51611 51636 51678 
	}
		
	history = {
		owner = RUS
		
		buildings = {
		}
		
		add_core_of = RUS
	}
    
	buildings_max_level_factor=1.000
        manpower=1
        state_category = rural
}
