state={
	id=478
	name="STATE_478"
	provinces={
		24 26 176 221 317 366 385 470 610 624 639 657 663 719 748 782 789 972 1038 1112 1162 1174 1339 1359 1458 1494 1561 1641 1643 1743 1787 1841 1971 2175 2186 2208 2218 2242 2253 2285 2293 2445 2730 2757 2800 2956 2964 3076 3078 3345 3390 3416 3467 3487 3504 3590 3708 3791 3848 3968 3981 4087 4150 4241 4283 4290 4311 4391 4401 4480 4531 4570 4622 4668 4674 4783 4862 4951 5051 5302 5307 5359 5472 5477 5486 5606 5720 5872 5883 5915 5926 5931 6016 6223 6245 6402 6426 6431 6494 6552 6777 6787 6934 6960 6965 7042 7118 7132 7170 7347 7409 7564 7607 7782 8053 8271 8298 8372 8373 8599 8606 8745 8834 8842 9353 9592 9721 9909 9966 9977 10118 10759 10834 10859 10899 11010 11048 11383 11583 12029 12082 12146 12347 12457 12640 12700 12842 12875 12885 12963 12987 13656 13996 14069 14351 14499 14540 14700 14862 14988 15342 15436 15481 15865 15895 16550 16668 17013 17365 17367 17409 17751 18137 18147 18236 18396 18499 18637 18833 19028 19506 19690 20753 20980 21072 21210 21320 21450 21716 21741 21834 22675 22835 22934 23657 23906 24125 24743 24853 25318 25363 25392 25458 25478 25726 26773 27073 51394 51426 51497 51524 51532 51576 51577 51578 51587 51591 51592 51607 51619 51624 51634 51645 51656 51657 51670 51672 51673 51675 51686 51693 51701 51705 51706 51707 51709 51719 51721 51722 51727 51731 51737 51738 51744 51746 51747 51750 51751 51757 51759 51760 51763 51768 51770 51774 51780 51782 51783 51786 51787 51788 51789 51793 51800 51801 51804 51810 51812 51816 51822 51823 51828 51829 51830 51831 
	}
	history = {
		owner = ROM
		
		buildings = {
		}
		
		add_core_of = ROM
	}
	buildings_max_level_factor=1.000
        manpower=1
        state_category = rural
}
