state={
	id=479
	name="STATE_479"
	provinces={
		51 63 175 282 336 428 506 614 641 666 690 744 843 882 886 1032 1119 1198 1217 1373 1703 1706 1842 1916 1944 2103 2163 2252 2279 2365 2373 2379 2766 2787 2788 2824 3006 3113 3371 3405 3531 3623 3637 3639 3660 3662 3667 3869 3915 3964 4037 4507 4595 4639 4642 4665 4812 5007 5028 5183 5263 5334 5397 5421 5438 5620 5869 5909 6014 6031 6056 6126 6152 6445 6663 6667 6672 6838 6909 6957 6974 7109 7226 7230 7353 7364 7396 7444 7742 7744 7755 7778 7959 8071 8287 8558 8590 8700 8723 8818 9320 9328 9350 9375 9704 9941 10081 10434 10505 10575 10629 10645 10668 10755 10920 10991 11000 11169 11319 11328 11451 11582 11641 11668 11750 11839 11952 12013 12014 12075 12135 12486 12797 12826 12981 13110 13151 13386 13408 13837 13840 14017 14142 14221 14280 14301 14368 14817 14935 14978 15140 15268 15387 15499 15596 16232 16805 16977 17009 17124 17143 17201 17500 17555 17877 17965 18427 18607 18674 18683 18881 18916 19113 19132 19276 19351 19522 19792 19965 20210 20386 20547 20788 20845 20847 20927 20931 20951 21008 21267 21344 21478 22261 22440 22719 22789 22942 23124 23247 23444 23506 23706 24145 24364 24826 25607 25636 25945 26156 26363 27156 27223 51332 51366 51385 51395 51401 51402 51411 51423 51447 51449 51459 51479 51482 51493 51500 51501 51507 51520 51531 51541 51561 51562 51565 51574 51589 51590 51602 51603 51604 51605 51612 51618 51625 51627 51629 51637 51638 51647 51654 51660 51665 51669 51681 51684 51685 51697 51703 51717 51723 51729 51730 51734 51739 51740 51749 51755 51766 51767 51779 51781 51784 51790 51794 51803 51815 51819 51821 51825 51832 51837 
	}
	buildings_max_level_factor=1.000
        manpower=1
        state_category = rural
}
