
state={
	id=48
	name="STATE_48"
	provinces={
		24 885 1034 1233 2238 2580 2705 3386 3452 3491 3535 3982 4026 4157 4406 4412 4522 4701 4935 5290 6534 6810 6816 6959 7769 8661 8883 9171 9641 10138 10226 10476 10528 11313 12122 12251 12599 12791 12799 12995 13890 13982 14048 14131 14266 14561 15194 15273 15341 15486 15512 15731 15765 15989 16138 16958 17276 17618 17659 18108 18877 18955 19040 19100 19422 19744 19897 20314 21059 21063 21186 21743 21818 22031 22111 22705 22803 23143 23253 23386 23432 23590 23793 24009 24064 24086 24167 24651 25228 25279 25456 25521 25630 25935 26014 26040 26342 26455 26489 26685 26816 26838 26991 27059 42738 42779 42831 42886 42976 43173 43218 43385 43401 43419 43472 43597 43695 43706 43763 43779 43807 43808 43828 43904 44005 44027 44028 44060 44104 44155 44156 44169 44170 44171 44218 44254 44298 44330 44354 44370 44389 44468 44488 44489 44546 44567 44594 44634 44635 44651 44675 44692 44693 44820 44841 44857 44879 44880 44903 44916 44935 44971 44989 44990 45012 45060 45079 45080 45100 45119 45144 45180 45181 45226 45245 45324 45361 45403 45404 45405 45425 45426 45469 45470 45471 45472 45508 45509 45531 45564 45579 45580 45603 45673 45674 45716 45717 45731 45748 45783 45784 45853 45854 45871 45891 45892 45927 45960 45979 46030 46061 46076 46138 46185 46250 46303 
	}
	manpower=28648
	buildings_max_level_factor=1.000
	local_supplies=0.000
}
