
state={
	id=49
	name="STATE_49"

	history={
		owner = UKR
		add_core_of = UKR

	}

	resources = {
		steel = 1
		aluminium = 1
	}

	provinces={
		457 2265 3163 3474 4295 4956 5590 5896 6094 6366 7410 9109 10429 11338 11605 11803 13740 14295 15570 15656 15832 17703 17998 18497 18912 18958 19072 20360 24007 24453 26288 42680 42815 42852 42868 42887 42955 43133 43232 43255 43277 43386 43473 43614 43615 43738 43781 43829 43830 44006 44029 44199 44200 44219 44220 44331 44356 44409 44410 44491 44548 
	}
	manpower=458415
	buildings_max_level_factor=1.000
	state_category=city
	local_supplies=0.000
}
