state={
	id=494
	name="STATE_494"
	provinces={
		10 15 132 233 244 250 349 352 367 519 540 581 599 614 649 730 833 867 868 891 981 1018 1066 1132 1138 1150 1178 1191 1263 1270 1313 1433 1507 1531 1564 1595 1667 1674 1684 1823 1886 2017 2033 2262 2276 2332 2462 2497 2541 2589 2747 2780 2789 2790 2911 2985 3017 3064 3103 3139 3169 3355 3483 3498 3605 3635 3650 3658 3663 3827 3896 3980 3989 4201 4225 4266 4337 4427 4451 4512 4516 4544 4777 4782 4888 5101 5121 5174 5236 5267 5284 5302 5319 5782 5804 5985 6160 6490 6650 6742 6753 6782 9799 9820 9834 9837 9864 9909 9929 9944 9993 10011 10017 10018 10020 
	}
	buildings_max_level_factor=1.000
        manpower=1
        state_category = town
}
