
state={
	id=497
	name="STATE_497"

	history={
                buildings = {infrastructure = 2}
		owner = RUS
		add_core_of = RUS

	}

	provinces={
		113 158 177 219 252 325 334 354 360 389 410 423 466 530 532 677 691 704 710 747 884 915 947 992 1019 1038 1139 1215 1229 1249 1399 1415 1486 1540 1595 1596 1636 1759 1811 1996 2138 2198 2207 2243 2322 2334 2344 2403 2408 2444 2480 2546 2550 2583 2585 2649 2655 2705 2730 2906 3035 3136 3182 3224 3317 3485 3523 3663 3666 3670 3841 3887 3943 4038 4075 4105 4109 4239 4277 4291 4293 4473 4632 4656 4671 4786 4950 4978 5004 5121 5566 5601 5740 5775 5917 5948 6087 6118 6131 6373 6391 6725 7530 14469 14511 14527 14545 14615 14628 14658 14667 14694 14724 14753 14767 14784 14812 
	}
	manpower=1
	buildings_max_level_factor=1.000
	state_category=town
	local_supplies=0.000
}
