state={
	id=5
	name="STATE_5"
	provinces={
		18 64 146 200 324 495 666 760 811 837 853 1022 1045 1102 1145 1195 1243 1315 1346 1371 1400 1440 1498 1651 1732 1813 1827 1871 1991 2060 2164 2249 2314 2365 2376 2526 2739 2798 2807 2836 2962 2995 3059 3228 3286 3366 3498 3526 3531 3537 3563 3765 3766 3803 4127 4136 4163 4293 4340 4599 4874 4894 5150 5274 5395 5462 5798 5817 5837 5881 6121 6137 6266 6330 6397 6546 6621 7044 7054 7314 7378 7399 7489 7496 7500 7501 7503 7506 7516 7524 7527 7529 7537 7550 7551 7575 
	}
	buildings_max_level_factor=1.000
        manpower=1
        state_category = town
}
