
state={
	id=50
	name="STATE_50"
	provinces={
		274 1070 1359 2104 3496 3665 4453 4650 4923 5222 5388 5503 6799 6843 7722 7833 10129 11728 12323 12562 13770 14198 14287 15756 17124 18042 18751 19195 19339 20042 20189 20898 20915 20936 21037 21765 23134 23175 24139 24210 25077 26621 42867 43131 43174 43201 43254 43353 43354 43355 43511 43545 43574 43575 43651 43737 43764 43780 43863 43864 43888 43905 43958 43983 44105 44131 44172 44198 44299 44355 44371 44390 44490 44547 44568 44676 44694 44695 44753 44904 45061 45062 45101 45182 45246 45247 45406 45427 45604 45732 
	}
	manpower=0
	buildings_max_level_factor=1.000
	local_supplies=0.000
}
