state={
	id=50
	name="STATE_50"
	provinces={
		788 1767 1815 2224 2845 3395 3485 3976 5630 6848 6936 7669 8561 8670 8809 8823 10563 10655 10947 11381 12811 13483 13759 13864 14417 15065 15344 16504 16713 17137 19333 21054 21594 21707 21753 21808 21966 23370 23518 23598 23744 25265 25658 26086 26218 27173 33668 33787 33856 33937 33938 33953 34016 34028 34045 34102 34103 34119 34155 34218 34275 34276 34291 34312 34389 34421 34438 34439 34461 34480 34501 34557 34558 34611 34612 34648 34733 34734 34772 34773 34774 34812 34829 34934 35014 35083 35139 35155 35175 35295 35398 35419 35492 35608 
	}

	history = {
		owner = UKR
		
		buildings = {
		}
		
		add_core_of = UKR
	}
	buildings_max_level_factor=1.000
        manpower=1
        state_category = rural
}
