state={
	id=502
	name="STATE_502"
	provinces={
		1361 1559 1640 2172 2983 2987 3229 3820 3888 4161 4258 4309 4446 4615 4895 5134 5192 5313 5622 5823 6083 6163 6252 6331 6336 6380 6488 6577 6635 7249 7319 7360 7440 7474 7805 14406 14430 14431 14434 14440 14441 14444 14445 14449 14450 14451 14452 14454 14456 14458 14459 14462 14463 14466 14467 14468 14470 14473 14482 14483 14485 14486 14491 14492 14493 14494 14497 14507 14510 14512 14517 14524 
	}
	history={
		owner = UKR
		add_core_of = UKR
		add_core_of = CRI
	}
	buildings_max_level_factor=1.000
        manpower=59546
        state_category = town
}
