
state={
	id=51
	name="STATE_51"
	provinces={
		29 135 394 769 999 1342 1367 1589 1813 1962 2205 2692 4908 5306 5856 6570 7277 7987 8718 8828 9185 10059 10290 10512 10951 11231 11412 11579 11604 11822 11977 12329 12523 12993 13902 14262 14327 15135 16858 17328 17864 17922 19492 19579 19655 19849 19858 19926 19941 20238 20329 21255 21394 21459 21539 21809 21819 22207 22551 22836 22850 22902 23814 24160 24313 24335 24548 25041 25442 25639 25766 25844 26975 26992 27253 36308 36395 36422 36588 36691 36732 36826 36943 37041 37082 37104 37125 37126 37190 37212 37292 37337 37338 37493 37550 37594 37665 37688 37725 37749 37750 37795 37867 37868 38077 38078 38113 38114 38115 38189 38271 38272 38321 38347 38426 38473 38474 38475 38511 38583 38606 38628 38643 38698 38716 38784 38800 38818 38855 38908 38977 38978 38979 39020 39021 39076 39169 39237 39356 39373 39390 39391 39415 39416 39457 39532 39636 39637 39661 39687 39880 
	}
	manpower=766736
	buildings_max_level_factor=1.000
	local_supplies=0.000
}
