state={
	id=519
	name="STATE_519"
	provinces={
		1128 1372 1378 1685 1808 1957 2306 2621 2678 2855 2910 3532 3696 3983 4116 4642 4703 4718 5044 5136 5559 5931 6175 6240 6271 6342 6396 6420 6586 6655 6714 6959 7032 7139 7166 7371 7403 7798 7877 7953 14543 14549 14554 14568 14569 14573 14577 14584 14585 14588 14593 14598 14600 14605 14616 14625 14629 14634 14636 14640 14646 14647 14651 14657 14664 14665 14672 14673 14679 
	}
	history={
		owner = CRI
		add_core_of = CRI
		victory_points = {
			6271 15
		}
	}
	buildings_max_level_factor=1.000
        manpower=145920 
        state_category = town
}
