
state={
	id=52
	name="STATE_52"
	provinces={
		2313 2376 2444 2488 3362 3781 7207 7379 10739 10955 11960 12343 12664 13972 14936 16640 17223 17468 18041 20378 22166 23037 23461 23916 24883 26561 36565 36610 36733 36751 36807 36877 36920 37006 37062 37083 37140 37176 37339 37403 37404 37551 37552 37595 37620 37710 37726 37763 37796 37797 37817 37896 37915 37937 37974 38079 38080 38094 38095 38136 38247 38248 38273 38297 38364 38450 
	}
	history = {
        owner = UKR
		add_core_of = UKR

	}

	state_category=rural
	manpower=48195
	buildings_max_level_factor=1.000
	local_supplies=0.000
}
