state={
	id=520
	name="STATE_520"
	provinces={
		190 229 295 380 413 422 466 471 530 539 554 572 665 676 680 686 691 782 968 1000 1019 1022 1059 1080 1167 1210 1246 1315 1320 1364 1389 1444 1519 1545 1574 1732 1744 1800 1807 1927 2095 2201 2225 2335 2489 2552 2577 2624 2641 2827 2852 2860 3153 3248 3441 3530 3640 3670 3867 3971 3993 4005 4487 4530 5082 5188 5243 5296 5336 5487 5696 5845 5914 5987 6050 6283 6728 6903 9963 9972 9979 9987 9999 10010 10023 
	}
	history={
		owner = ROM
		add_core_of = ROM
	}
	buildings_max_level_factor=1.000
        manpower=1
        state_category = town
}
