state={
	id=524
	name="STATE_524"
	provinces={
		29 35 61 98 186 232 335 364 475 733 776 785 906 931 988 996 1066 1130 1157 1393 1418 1485 1548 1569 1589 1599 1615 1617 1631 1715 1925 2009 2113 2155 2183 2204 2226 2342 2351 2772 2846 2913 2954 2993 3010 3056 3142 3149 3221 3262 3316 3378 3415 3484 3636 3900 3988 4047 4080 4311 4342 4433 4766 4870 5098 5213 5287 5713 5764 5791 6011 6235 7071 7352 14544 14570 14578 14580 14589 14619 14652 14659 14695 14697 14703 14709 14715 14716 14720 14739 14768 14797 14805 14815 
	}
	history={
                buildings = {infrastructure = 2}
		owner = ROM
		add_core_of = ROM
	}
	buildings_max_level_factor=1.000
        manpower=2900651
        state_category = town
}
