
state={
	id=55
	name="STATE_55"
	provinces={
		413 793 842 1557 1572 1779 3096 4160 5859 8369 8543 9086 9203 9659 10240 11660 11868 12569 13317 14322 15645 15663 21243 22382 23712 24310 24395 25302 25350 25494 26294 26660 40328 40394 40415 40441 40462 40501 40539 40580 40604 40629 40644 40685 40705 40729 40816 40817 40852 40925 40926 40987 41022 41146 41167 41194 41224 41225 41262 41263 41264 41354 41355 41391 41392 41415 41450 41451 41478 41552 41618 41619 41729 41814 41984 
	}
	history = {
        owner = UKR
	}
	manpower=54712
	buildings_max_level_factor=1.000
	local_supplies=0.000
}
