state={
	id=553
	name="STATE_553"
	provinces={
		396 2559 4008 4214 4328 4416 5325 5782 6151 6505 6589 7487 7540 7609 7919 14725 14726 14727 14729 14730 14733 14734 14741 14743 14745 14746 14747 14749 14750 14754 14755 14757 14758 14759 14760 14761 14762 14763 14764 14765 14766 14769 14770 14771 14772 14773 14774 14775 14776 14777 14778 14779 14780 14781 14782 14783 14785 14786 14788 14790 14792 14793 14794 14795 14796 14799 14800 14801 14803 14804 
	}
	history={
		owner = UKR
		add_core_of = UKR
        add_core_of = CRI
		victory_points = {
			14757 30
		}
	}
	buildings_max_level_factor=1.000
        manpower=383907
        state_category = town
}
