
state={
	id=56
	name="STATE_56"
	provinces={
		2 41 62 94 133 161 173 178 201 212 312 331 343 353 365 369 379 381 388 442 465 468 472 485 494 534 538 582 604 618 624 650 652 654 665 723 726 737 745 751 763 768 771 786 792 845 877 880 904 929 938 978 1024 1044 1049 1058 1075 1114 1121 1142 1187 1192 1236 1237 1276 1340 1352 1374 1407 1411 1470 1490 1495 1497 1511 1625 1658 1662 1679 1716 1734 1736 1789 1805 1828 1933 1953 1967 1995 2016 2041 2093 2130 2233 2260 2265 2273 2317 2324 2341 2380 2381 2438 2462 2471 2485 2486 2501 2502 2622 2628 2809 2923 2981 3007 3097 3276 3371 3376 3538 3588 3651 3784 3801 3807 3843 4045 4049 4106 4228 4347 4450 4496 4558 4635 4841 4862 4995 5154 5397 5445 5455 5492 5497 5505 5694 5814 5833 5907 6159 6393 6411 6425 6431 6579 6675 6745 6877 7023 7351 7443 7502 7642 7662 7848 7929 8124 8416 8425 8431 8465 8513 8514 8519 9138 9353 9402 9615 9846 10519 10840 10979 11040 11365 11960 13050 
	}
	history={
                buildings = {infrastructure = 2}
		owner = RUS
		add_core_of = RUS

	}
	manpower=1
	buildings_max_level_factor=1.000
	state_category=town
	local_supplies=0.000
}
