
state={
	id=56
	name="STATE_56"
	provinces={
		2621 3582 3590 3711 3733 3815 4661 5072 5402 5545 6845 8276 8404 10755 11052 11289 12753 12804 13126 13362 13704 13727 13769 14746 15157 16068 16218 17553 17578 20515 21049 21389 22138 23044 23157 23621 23736 24128 24565 24807 25496 27226 39780 39855 39940 40087 40250 40374 40442 40540 40581 40645 40744 40796 40797 40944 40959 41023 41122 41123 41168 41265 41378 41393 41433 41498 41517 41596 41636 41708 41709 41731 41918 41943 42065 42117 42147 42251 42272 42351 
	}
	history = {
        owner = UKR
        add_core_of = UKR

	}

	state_category=rural
	manpower=15917
	buildings_max_level_factor=1.000
	local_supplies=0.000
}
