state={
	id=57
	name="STATE_57"
	provinces={
		3 21 63 154 187 193 201 215 242 282 318 338 354 365 394 450 487 491 503 510 537 543 549 563 569 587 623 642 652 654 740 745 796 857 877 896 900 915 927 992 998 999 1006 1041 1048 1076 1077 1082 1118 1121 1136 1154 1169 1182 1186 1255 1321 1323 1327 1365 1405 1453 1489 1503 1523 1524 1567 1585 1696 1724 1749 1775 1838 1842 1914 2028 2092 2121 2188 2232 2297 2307 2310 2320 2328 2350 2357 2358 2433 2654 2657 2681 2749 2771 2818 2841 2844 2903 2906 2937 2965 2974 3016 3043 3091 3176 3177 3200 3231 3392 3461 3494 3509 3572 3702 3723 3820 3921 3968 4054 4091 4111 4224 4226 4334 4367 4470 4523 4602 4630 4754 4760 4830 4836 4912 4960 4987 5071 5118 5172 5264 5317 5389 5436 5541 5584 5590 5662 5844 5982 6187 6258 6352 6394 6398 6472 6710 6900 7211 7218 7242 7258 7264 7275 7302 7322 7338 7440 7458 7495 7496 7757 7978 8161 8351 8675 8741 8797 9109 
	}
	buildings_max_level_factor=1.000
        manpower=1
        state_category = town
}
