
state={
	id=57
	name="STATE_57"
	provinces={
		59 2775 3598 3628 4735 5810 6272 6374 7264 7624 9319 9448 10220 11743 12026 12888 13355 13797 14175 15459 15565 16095 16139 16152 16163 16410 16609 16841 17639 19192 19402 19522 19556 21769 21882 22096 22397 22490 22673 23714 24202 24513 25281 25378 25820 25929 26271 26851 42089 42146 42167 42350 42397 42478 42548 42756 42777 42830 42952 42953 42975 43029 43153 43154 43252 43351 43417 43437 43459 43487 43543 43573 43595 43735 43826 43846 43886 43903 44045 44081 44217 
	}
	history = {
        owner = UKR
	}
	manpower=10340
	buildings_max_level_factor=1.000
	local_supplies=0.000
}
