
state={
	id=58
	name="STATE_58"
	provinces={
		604 1192 1276 2069 2378 3634 4201 4685 5173 6316 7354 7387 7556 7888 8061 8336 8375 8487 8903 10094 10148 10339 10779 11359 11961 12439 13029 13112 14028 14190 14829 15678 16259 16604 17170 17653 18390 18395 18572 19112 20298 20550 20707 20724 20976 21073 21624 21725 22475 23323 23485 24233 25555 25669 25688 25871 25983 26248 26678 42902 42994 43031 43085 43129 43253 43309 43352 43384 43418 43438 43510 43544 43596 43613 43705 43736 43805 43806 43827 43862 43887 43955 43956 43957 44004 44026 44046 44047 44103 44129 44130 44154 44197 44235 44328 44329 44369 44408 44430 44467 44509 44523 44524 44566 44614 44714 44730 44752 44796 44797 44819 44840 44856 44952 45011 45078 45142 45143 45178 45200 
	}
	history = {
        owner = UKR
	}
	manpower=156889
	buildings_max_level_factor=1.000
	local_supplies=0.000
}
