
state={
	id=60
	name="STATE_60"
	provinces={
		211 582 597 761 857 865 1162 1703 2089 3975 4209 5295 5791 5918 6290 6512 6927 7956 8105 8524 8612 8653 9410 9727 10360 10724 10834 10862 10873 11110 11167 12287 12767 13458 13610 13699 14491 14573 16091 16498 17041 17202 17671 19086 19400 20452 21601 21952 22054 22243 22287 22372 23018 23203 23577 25420 25738 25981 26119 26136 26201 26381 26513 26727 26783 26956 27058 27103 40542 40563 40646 40647 40730 40745 40775 40818 40836 40878 40945 41003 41045 41101 41124 41147 41169 41207 41266 41356 41394 41395 41434 41637 41638 41639 41768 41769 41816 41834 41893 41985 42066 42168 42352 42418 42503 42614 42653 42722 42757 42801 42884 42885 43032 43033 43068 43200 43217 43329 43400 
	}
	history = {
        owner = UKR
	}
	manpower=36760
	buildings_max_level_factor=1.000
	local_supplies=0.000
}
