
state={
	id=61
	name="STATE_61"
	provinces={
		752 2397 2719 4104 4834 7784 11615 11999 13335 14107 15538 15824 15923 16104 17033 17693 17715 18046 18130 18733 18939 19956 20309 20773 21657 21851 22435 23551 23823 23899 24301 24606 24718 25359 25808 26608 41267 41268 41452 41553 41572 41640 41684 41710 41732 41793 41855 41894 41895 42007 42008 42024 42090 42118 42215 42236 42252 42298 42456 42479 42551 42573 42630 42631 42654 42737 42814 42926 42954 42995 43012 43130 
	}
	manpower=0
	buildings_max_level_factor=1.000
	local_supplies=0.000
}
