state={
	id=61
	name="STATE_61"
	provinces={
		322 732 2653 3641 4285 5634 5758 6590 7234 7256 7885 8256 8904 9140 9317 9486 9990 11160 12248 13801 15126 15649 16376 16907 17488 18560 18728 19736 19821 21337 22674 22843 23329 24488 25048 25617 25770 27239 27535 34516 34577 34659 34678 34700 34811 34826 34846 34866 34953 34997 35013 35080 35115 35116 35136 35173 35277 35278 35308 35327 35416 35434 35449 35540 35564 35581 35603 35675 35699 35732 35733 35759 35810 35846 35891 35913 35955 36028 36084 36104 36129 36214 36232 36244 36283 36359 36375 36476 36477 36507 36528 36602 36653 36818 36869 36870 
	}
	buildings_max_level_factor=1.000
        manpower=1
        state_category = rural
}
