
state={
	id=62
	name="STATE_62"
	provinces={
		1852 1872 2677 2725 6501 7068 7741 8670 9439 9721 10934 11001 11420 12040 13457 14208 15899 16982 17008 18570 21360 22228 23746 23877 24010 25194 25304 25716 25743 40201 40311 40417 40463 40544 40665 40688 40776 40820 40838 40880 40946 40960 41005 41024 41046 41104 41125 41172 41173 41287 41357 41454 41480 41499 41536 41537 41597 41662 41856 41919 41958 42025 42148 42192 42331 42399 42526 
	}
	manpower=0
	buildings_max_level_factor=1.000
	local_supplies=0.000
}
