state={
	id=62
	name="STATE_62"
	provinces={
		7 11 25 66 277 303 525 593 644 682 773 795 1207 1418 1606 1867 1953 2181 2212 2356 2523 2670 2710 2790 2839 2937 2971 2981 2982 3243 3431 3719 3770 3773 3876 3959 4170 4200 4282 4461 4725 4788 4878 4899 4941 4965 5151 5312 5341 5427 5489 5554 5686 5709 5762 5842 6092 6368 6616 6674 6796 6817 6941 6986 7046 7228 7302 7330 7373 7418 8087 8114 8130 8157 8288 8293 8345 8351 8380 8387 8421 8442 
	}
	buildings_max_level_factor=1.000
        manpower=1
        state_category = town
}
