
state={
	id=63
	name="STATE_63"
	provinces={
		162 538 1283 1763 2947 5412 5775 7004 7018 7553 8203 9019 9736 11978 12725 14099 14834 16080 16669 16671 17411 17722 19302 19621 19871 21548 21758 23336 24169 24419 24711 24738 24992 25149 25763 25795 38476 38584 38699 38819 38909 38910 38911 39309 39357 39392 39513 39551 39552 39570 39592 39662 39713 39714 39760 39881 39923 39941 40061 40088 40089 40227 40443 40541 40564 
	}
	history = {
        owner = UKR
	}
	manpower=50462
	buildings_max_level_factor=1.000
	local_supplies=0.000
}
