
state={
	id=64
	name="STATE_64"
	provinces={
		197 1305 1964 2802 3190 5736 6196 8332 9740 10069 10820 11084 11544 11817 12263 12312 12421 13677 14034 15559 15806 15930 16072 17280 17891 19533 20766 21241 21723 22820 24557 25348 26232 26853 26874 39796 39818 39856 39857 39882 39924 39972 39973 40013 40062 40063 40128 40162 40228 40229 40251 40252 40275 40329 40395 40396 40416 40444 40485 40525 40543 40582 40605 40648 40686 40687 40746 40747 40798 40819 40837 40853 40879 40901 41004 41102 41103 41170 41171 41244 41269 41453 41479 41535 
	}
	history = {
        owner = UKR
	}
	manpower=18886
	buildings_max_level_factor=1.000
	local_supplies=0.000
}
