state={
	id=64
	name="STATE_64"
	provinces={
		809 1243 1517 4198 7967 8243 11105 13134 13136 13907 15012 15445 16288 17507 18329 19726 21374 22025 23765 23851 24990 26229 26374 26601 34797 34830 34957 35002 35029 35211 35342 35343 35385 35402 35476 35477 35512 35526 35585 35680 35722 35795 35871 35898 35899 36030 36089 36107 36199 36221 36293 36294 36409 36498 36549 36623 36692 36711 36807 
	}
	history = {
		owner = UKR

		buildings = {
		}
		
		add_core_of = UKR
	}
	buildings_max_level_factor=1.000
        manpower=1
        state_category = rural
}
