
state={
	id=65
	name="STATE_65"
	provinces={
		1419 1620 1675 2921 3198 3327 3826 3977 5166 5283 5643 6857 7083 7288 7582 7895 8807 8881 9441 9973 10672 11908 12238 12299 12766 13052 14011 15303 15353 15763 15839 16096 16635 16793 17871 18632 19249 19432 19477 19545 20278 20881 20933 21540 22085 22991 23332 24145 26011 42776 42827 42828 42829 42922 43028 43127 43128 43172 43197 43231 43275 43308 43328 43381 43382 43416 43435 43509 43542 43571 43629 43630 43648 43760 43802 43841 43842 43843 43844 43952 43953 43954 43979 44043 44044 44059 44079 44128 44168 44196 44253 44270 44350 44386 44387 44407 44427 44428 44465 44521 44541 44542 44543 44592 44632 44633 44673 44726 44727 44749 44795 44837 44877 44915 44987 45040 45058 45074 45098 45159 45176 45244 45286 45466 
	}
	history = {
        owner = UKR
	}
	manpower=100103
	buildings_max_level_factor=1.000
	local_supplies=0.000
}
