state={
	id=65
	name="STATE_65"
	provinces={
		646 3646 5428 6324 8306 8865 10361 10670 11857 12846 13269 13530 13553 13698 14327 16652 17938 18112 18431 18746 18837 19593 20584 20723 21115 22466 23203 23502 23523 23879 24670 25401 25564 26452 34777 34869 34999 35209 35281 35361 35437 35475 35544 35612 35679 35851 35852 35960 36088 36220 36263 36323 36363 36392 36439 36535 36603 36657 36727 36743 36837 36972 36973 37006 37095 37096 37116 37135 37257 37258 37305 
	}
	history = {
		owner = UKR
		
		buildings = {
		}
		
		add_core_of = UKR
	}
    
	buildings_max_level_factor=1.000
        manpower=1
        state_category = large_city
}
