
state={
	id=67
	name="STATE_67"

	history={
		owner = UKR
		add_core_of = UKR

	}

	provinces={
		2452 3165 4549 5315 5837 7216 7487 8080 8996 9282 10883 11101 12887 14226 15492 17196 18100 19257 19277 20051 20202 21772 23905 23968 24683 44876 44969 44986 45158 45221 45284 45400 45418 45577 45598 45730 45762 45763 45781 45913 45955 45956 46072 46101 46127 46128 46169 46200 46216 46274 46275 46381 46382 46396 46433 
	}
	manpower=16532
	buildings_max_level_factor=1.000
	state_category=rural
	local_supplies=0.000
}
