state={
	id=67
	name="STATE_67"
	provinces={
		15 16 141 183 193 286 364 435 437 483 581 604 608 629 673 683 754 778 785 804 810 856 897 903 1026 1031 1065 1078 1092 1151 1180 1209 1212 1225 1283 1293 1301 1308 1363 1487 1520 1530 1572 1678 1725 1740 1758 1781 1840 1848 1940 1972 1975 2030 2067 2075 2080 2090 2104 2117 2195 2198 2216 2223 2269 2326 2375 2408 2477 2532 2552 2777 2787 2816 2858 2863 2875 2907 2917 2943 2951 2953 2988 2996 3044 3097 3123 3197 3235 3236 3278 3281 3284 3289 3435 3441 3471 3476 3480 3503 3538 3585 3611 3656 3668 3717 3734 3752 3761 3767 3771 3776 3783 3788 3814 3884 3951 3953 4031 4145 4168 4247 4259 4273 4298 4333 4334 4357 4358 4360 4364 4388 4430 4468 4479 4538 4587 4589 4610 4625 4652 4720 4779 4840 4858 4906 4920 4954 4966 5012 5014 5089 5090 5124 5125 5159 5174 5178 5215 5220 5310 5347 5393 5404 5485 5500 5530 5539 5542 5593 5599 5661 5669 5726 5769 5774 5775 5791 5838 5878 5896 5900 5922 5926 5949 5983 5999 6010 6032 6035 6041 6054 6057 6081 6083 6106 6117 6135 6162 6182 6226 6238 6243 6250 6257 6277 6293 6316 6323 6324 6380 6387 6418 6440 6551 6644 6686 6694 6748 6767 6779 6782 6815 6825 6841 6849 6947 7006 7024 7120 7161 7206 7276 7299 7304 7331 7338 7347 7390 7397 7421 7426 7446 8158 8169 8186 8200 8221 8223 8241 8244 8258 8275 8282 8298 8338 8359 8372 8373 8386 8389 8403 8405 8412 8418 8424 8425 8430 8450 8454 8455 8466 8483 8495 8496 8516 8518 8526 8544 8548 8564 8571 8587 8594 8597 8609 8617 8622 8624 8625 8647 8649 8650 8652 8664 8666 8679 8680 8700 8707 8709 8711 8724 8727 8734 
	}
	buildings_max_level_factor=1.000
        manpower=1
        state_category = town
}
