
state={
	id=68
	name="STATE_68"
	provinces={
		37 1882 4287 4751 7346 7979 8200 9839 11189 11226 11847 12178 14155 14707 15447 17132 17301 18657 18795 18878 19038 21032 24021 24678 25237 27063 40522 40523 40524 40704 40728 40924 41020 41064 41145 41223 41242 41314 41335 41377 41432 41533 41534 41551 41593 41594 41659 41660 41683 41748 41831 41854 42021 42022 42064 42086 42145 42191 42234 42269 42296 42297 42416 42417 42525 42547 42628 42629 42701 
	}
	history = {
        owner = UKR

		add_core_of = UKR		
	}
	state_category=rural
	manpower=6448
	buildings_max_level_factor=1.000
	local_supplies=0.000
}
