state={
	id=7
	name="STATE_7"
	provinces={
		13 79 170 202 218 235 248 262 394 410 436 438 535 675 704 786 825 849 904 908 920 975 1014 1041 1065 1074 1100 1121 1184 1190 1215 1218 1269 1309 1329 1350 1361 1394 1401 1620 1630 1637 1657 1673 1691 1773 1796 1856 1879 1928 1965 2069 2109 2311 2475 2482 2512 2573 2614 2625 2805 2810 3013 3030 3109 3132 3176 3193 3207 3217 3309 3342 3394 3412 3415 3445 3453 3538 3575 3579 3613 3670 3731 3756 3805 3809 3903 3909 3914 4053 4067 4098 4149 4154 4194 4232 4264 4378 4441 4474 4503 4609 4616 4694 4736 4836 4876 5019 5096 5187 5210 5217 5287 5289 5326 5488 5523 5533 5632 5637 5661 5771 5841 5919 6013 6048 6093 6096 6124 6125 6140 6148 6154 6162 6167 6170 6181 6273 6300 6320 6353 6378 6399 6508 6583 6584 6683 6748 6770 6780 6800 6851 6893 6940 6969 6979 7009 7205 7222 7250 7283 7322 7429 7525 7558 7587 7709 7846 7894 7899 7953 7973 7976 7992 8084 8106 8138 8183 8240 8318 8324 8388 8402 8406 8411 8534 8562 8604 8777 8978 9009 9108 9118 9154 9164 9282 9354 9388 9440 9493 9522 9579 9584 9753 9858 9955 9976 10027 10140 10141 10200 10289 10415 10520 10565 10577 10617 10632 10792 10819 10848 10952 11077 11093 11097 11162 11463 11503 11685 11875 11926 11964 11989 12050 12149 12188 12281 12389 12637 12783 12801 12861 12874 12889 12937 12966 12972 12975 13013 13014 13052 13081 13105 13109 13122 13191 13283 13293 13591 13612 13684 13726 13791 13966 14203 14526 14541 14795 14892 14905 14912 14946 15017 15116 15195 15535 15548 15569 15722 15755 15819 15949 16065 16292 16350 16371 16566 16618 16629 16798 16892 16969 17043 17128 17164 17296 17321 17353 17359 17452 17514 17665 17700 17894 18000 18253 18596 18624 18700 18747 18750 18806 18808 19058 19214 19331 19665 19691 19757 19844 20168 20229 20333 20520 20523 20566 20641 20660 20677 20740 20976 21161 21490 21684 21811 21815 21932 21992 22099 22116 22226 22358 22361 22463 22469 22532 22724 22929 23291 23494 23589 23740 23829 24210 24342 24581 24664 24932 24962 25016 25049 25072 25163 25233 25451 25766 25815 26138 26200 26549 26600 26743 26974 26976 27166 27284 27460 27569 27597 27622 27672 27678 27695 27696 27708 27730 27758 27769 27775 27815 27816 27843 27846 27849 27858 27873 27876 27888 27895 27905 27924 27927 27931 27937 27941 27944 27949 27961 27969 27970 27974 27975 27977 27991 28001 28003 28006 28021 28034 28038 28041 28042 28045 28053 28055 28069 28071 28079 28085 28089 28091 28096 28097 28099 28107 28135 28136 28143 28149 28153 28162 28171 28189 28190 28197 28198 28206 28209 28220 28239 28240 28244 28268 28285 28294 28300 28301 28315 28317 28318 28323 28324 28333 28340 28343 28344 28351 28352 28353 28354 28355 28359 28371 28377 28378 28381 28382 28403 28418 28429 28432 28436 28441 28453 28454 28455 28468 28479 28482 28494 28502 28503 28518 28523 28534 28540 28558 28563 28565 28569 28571 28579 28586 28596 28614 28629 28630 28642 28661 28669 28682 28683 28686 28687 28696 28715 28723 28728 28737 28738 28746 28751 28752 28763 28781 28788 28801 28805 28842 28850 28853 28873 28891 28915 28916 28977 28982 29042 29043 29063 29082 29126 29162 29169 29224 29319 
	}
		
	history = {
		owner = RUS
		
		buildings = {
		}
		
		add_core_of = RUS
	}
    
	buildings_max_level_factor=1.000
        manpower=1
        state_category = rural
}
