
state={
	id=70
	name="STATE_70"
	provinces={
		2405 3010 4002 4385 4575 5516 6658 6973 7598 8948 8995 9504 10591 10771 11592 12668 13580 14467 17293 17704 19184 19418 20593 20880 20913 21947 22320 22586 23127 23415 23989 23993 24172 24363 26192 26646 41019 41166 41414 41635 41658 41707 41767 41791 41853 41892 41941 42115 42143 42144 42165 42295 42349 42396 42524 42612 42627 42700 42751 42752 42753 42754 42775 42901 42921 43126 43196 43455 43486 43508 43668 43693 43801 43901 
	}
	manpower=0
	buildings_max_level_factor=1.000
	local_supplies=0.000
}
