
state={
	id=71
	name="STATE_71"
	provinces={
		831 895 1331 1575 1602 2093 2553 2791 3458 3533 4592 5698 5795 5906 6148 6488 6755 7136 7521 8825 10486 11375 11905 12395 12445 12881 12923 12989 13880 14045 14079 14611 14876 15251 16313 16459 16583 17449 17488 18053 18241 18886 18945 19388 20138 20613 21122 21343 21576 21680 21793 21925 22245 22261 23010 23669 23752 23901 24110 24227 24272 24364 24555 25029 25166 25676 26793 26993 46470 46471 46513 46514 46566 46606 46607 46670 46671 46701 46725 46744 46757 46791 46826 46854 46892 46907 46925 46938 46939 46974 46990 47030 47047 47059 47067 47081 47112 47146 47147 47153 47166 47180 47210 47227 47248 47309 47338 47339 47340 47371 47382 47394 47403 47404 47442 47443 47459 47460 47495 47496 47512 47597 47624 47693 47694 47773 47816 47849 47869 47920 47935 48013 48103 
	}
	manpower=0
	buildings_max_level_factor=1.000
	local_supplies=0.000
}
