state={
	id=72
	name="STATE_72"
	provinces={
		1011 2683 2906 2995 3008 4768 4793 4956 4987 5232 5468 6576 6767 6875 7057 7468 7999 8926 9737 9815 9932 10116 10161 10275 10305 10373 10401 10610 11314 11773 11864 12169 12332 12379 12428 12740 13334 13352 13479 13532 13567 13814 13852 14150 15468 15699 15785 15977 16206 16751 16765 17436 17549 17766 17791 17846 17851 17879 18181 18445 18774 18784 18908 19208 19299 19864 19878 19936 20468 20546 20636 21189 21421 21676 21735 21816 22148 22374 22782 22863 23175 23366 23656 23752 24261 24396 24681 24748 25043 25407 26198 26329 26339 26437 27113 27384 27387 35338 35357 35507 35508 35789 35847 35956 36215 36233 36284 36285 36458 36459 36569 36570 36635 36670 36686 36725 36761 36762 36781 36835 36928 36929 36946 36986 37003 37039 37091 37130 37190 37213 37286 37322 37323 37354 37355 37381 37410 37448 37464 37488 37507 37533 37550 37551 37602 37621 37622 37654 37675 37693 37724 37725 37772 37773 37793 37794 37795 37805 37806 37841 37879 37880 37899 37917 37931 37969 37970 38006 38019 38040 38041 38063 38116 38137 38192 38225 38226 38227 38228 38285 38304 38337 38385 38386 38405 38453 38454 38530 38594 38614 38615 38639 38640 38659 38688 38776 38799 38835 38836 38856 39046 39137 39158 39306 39326 39442 39583 39663 
	}
	
	history = {
		owner = UKR
		
		buildings = {
		}
		
		add_core_of = UKR
	}
    
	buildings_max_level_factor=1.000
        manpower=1
        state_category = rural
}
