
state={
	id=72
	name="STATE_72"
	provinces={
		1488 1836 2112 2601 2607 4164 4381 4557 4747 5879 7866 8636 8683 9894 10868 13751 13766 13784 14323 15768 16623 17139 19462 19737 20540 20949 23384 24728 24799 25784 47341 47405 47444 47477 47528 47538 47557 47695 47736 47794 47806 47842 47877 47902 47943 47980 47993 48006 48014 48021 48051 48085 48114 48140 48238 48353 48386 48407 
	}
	history = {
        owner = UKR

		add_core_of = UKR	
	}

	state_category=rural
	manpower=127745
	buildings_max_level_factor=1.000
	local_supplies=0.000
}
