
state={
	id=73
	name="STATE_73"
	provinces={
		994 1001 1288 2009 2242 2854 4643 5094 5237 5651 5713 5830 5940 6086 7022 7073 7104 7123 7188 7267 7948 8884 9342 9932 9939 10085 10146 10294 11258 11445 13522 14440 14525 14668 14962 15542 16842 16938 17473 17770 18760 18830 19083 19173 19755 20040 20272 20817 22163 22527 23021 23563 23897 24334 24420 24818 24901 24952 25209 25282 26113 26164 26461 26673 27050 27070 27212 44593 44650 44854 44901 44949 44950 44988 45099 45138 45139 45177 45260 45375 45401 45421 45560 45561 45600 45601 45625 45652 45715 45747 45806 45890 45940 45957 45958 46059 46074 46104 46129 46135 46201 46218 46247 46248 46260 46276 46277 46318 46348 46364 46365 46408 46436 46437 46484 46515 46530 46608 46648 46649 46703 
	}
	history = {
        owner = UKR

		add_core_of = UKR			
	}

	state_category=town
	manpower=34769
	buildings_max_level_factor=1.000
	local_supplies=0.000
}
