
state={
	id=75
	name="STATE_75"
	provinces={
		2592 2622 2810 4363 5341 5362 6719 8197 8721 8896 9396 9851 10361 11862 12201 12309 12496 12992 13269 13300 13464 13748 13767 14139 14593 14628 14914 16077 16288 16479 16828 17121 17286 17620 18481 19324 20556 20584 20856 22058 22628 22653 24175 24400 25170 25188 26263 26923 27062 41002 41021 41243 41595 41661 41728 41730 41792 41832 41833 41942 41956 41957 42023 42039 42087 42088 42116 42166 42270 42271 42435 42455 42613 42651 42755 42850 42883 42923 42993 43053 43106 43152 43198 43383 43399 43436 43530 43594 
	}
	history = {
        owner = UKR

		add_core_of = UKR	
	}

	state_category=rural
	manpower=18058
	buildings_max_level_factor=1.000
	local_supplies=0.000
}
