state={
	id=76
	name="STATE_76"
	provinces={
		531 5070 5099 5918 6380 8255 9752 10374 11912 12124 12971 13677 14629 15543 15779 15886 16634 16839 17096 17279 18075 18600 21393 22450 23025 23054 23467 23685 24324 24491 25428 26293 35853 35919 36053 36108 36346 36347 36394 36510 36511 36537 36589 36693 36694 36695 36712 36856 36857 36875 36898 36934 36992 37022 37023 37024 37072 37138 37182 37195 37234 37288 37382 37383 37384 37417 37515 37570 37571 37572 37733 37756 37797 37821 37921 38009 38158 38217 
	}
	history = {
		owner = UKR
<<<<<<< Updated upstream

=======
		
>>>>>>> Stashed changes
		buildings = {
		}
		
		add_core_of = UKR
	}
	buildings_max_level_factor=1.000
        manpower=1
        state_category = rural
}
