
state={
	id=77
	name="STATE_77"
	provinces={
		428 2713 2893 2919 3285 3528 3559 4238 5618 6424 7106 7229 8951 9248 9378 10307 10556 12823 15126 15614 15956 16488 16720 18137 19037 19861 20018 20939 21790 22398 23671 25313 25463 25862 26292 43292 43456 43572 43649 43669 43694 43734 43761 43762 43803 43845 43861 43884 43885 43902 43927 43980 43981 43982 44024 44080 44101 44153 44271 44295 44296 44297 44327 44351 44352 44388 44449 44485 44486 44487 44544 44545 44674 44728 44750 44751 44838 44839 44855 44902 44951 45140 45160 45223 
	}
	manpower=19101
	buildings_max_level_factor=1.000
	local_supplies=0.000
}
