
state={
	id=78
	name="STATE_78"
	provinces={
		662 966 1432 1876 2165 3191 3899 6156 6294 6668 7636 7820 8542 8565 8945 10091 10447 10651 10747 10796 12280 12637 13085 13881 14232 14254 14673 15757 15862 16112 16236 16543 17267 17663 18561 18574 19211 19819 22341 22556 22598 22993 23581 24252 24694 25135 25432 25574 25954 26264 26629 45348 45360 45599 45650 45651 45714 45765 45805 45851 45938 45939 46009 46010 46011 46102 46103 46155 46217 46232 46246 46287 46302 46397 46407 46435 46553 46567 46637 46702 46792 46816 46817 46840 46841 46879 46893 46975 47010 47031 47097 47167 47195 47211 47297 47320 47355 47383 47461 47608 
	}
	manpower=0
	buildings_max_level_factor=1.000
	local_supplies=0.000
}
