
state={
	id=79
	name="STATE_79"

	history={
		owner = UKR

	}

	provinces={
		403 741 860 1132 3872 4233 5236 5703 6343 6663 6850 7915 8744 9738 11047 11436 12924 13518 14040 14997 15937 16223 16580 18593 18916 19458 19648 19920 20653 21304 21836 22195 26892 41026 41126 41195 41209 41289 41290 41399 41417 41455 41599 41600 41620 41663 41685 41873 41986 42026 42027 42041 42149 42193 42217 42253 42300 42353 42381 42527 42575 42656 42723 42739 42929 42930 43014 43086 43087 43107 50692 50699 50783 
	}
	manpower=0
	buildings_max_level_factor=1.000
	local_supplies=0.000
}
