state={
	id=8
	name="STATE_8"
	provinces={
		36 114 616 875 1862 2097 2130 2254 2514 2822 2873 2966 3015 3203 3557 3727 3770 3937 3954 4450 5116 5500 5650 5734 6316 6591 7488 7637 7705 7838 8349 8763 10186 10437 11523 11846 12625 13029 13096 13098 13636 15431 15672 16111 16722 17654 17847 19173 19501 20145 20404 21677 21708 23939 24547 27570 27571 27592 27596 27603 27608 27609 27625 27630 27649 27667 27673 27688 27690 27736 27744 27760 27765 27807 27827 27828 27897 
	}
		
	history = {
		owner = RUS
		
		buildings = {
		}
		
		add_core_of = RUS
	}
    
	buildings_max_level_factor=1.000
        manpower=1
        state_category = rural
}
