state={
	id=80
	name="STATE_80"
	provinces={
		593 2213 6599 6794 7649 8288 10028 12220 13903 15815 15920 18227 19345 20238 20431 20441 20901 21160 22064 22242 22711 23050 23246 23912 24248 24713 26885 27118 36406 36437 36568 36601 36618 36707 36803 36817 36832 36944 36945 36985 37037 37064 37113 37129 37174 37224 37284 37342 37343 37400 37463 37505 37506 37600 37601 37620 37771 37789 37790 37984 38170 38300 38491 
	}
	buildings_max_level_factor=1.000
        manpower=1
        state_category = rural
}
