
state={
	id=80
	name="STATE_80"

	history={
		owner = UKR
		add_core_of = UKR

	}

	provinces={
		224 252 823 1157 1428 1487 2885 3536 3541 4188 4572 5383 6127 6613 6740 7422 7731 7871 7941 7993 8835 8893 9040 9261 9845 10645 10686 10953 11493 11507 11706 11733 11809 12070 12393 12990 13033 13058 13119 13721 14336 14831 15721 15772 16737 17739 18366 18608 19138 19554 19638 19752 19835 20161 20841 20986 21106 21113 21192 21289 21402 21768 22390 22429 22823 23016 24831 24838 25705 26886 26937 36533 36735 36903 36978 37063 37105 37128 37141 37160 37215 37267 37268 37294 37295 37296 37363 37466 37495 37553 37572 37645 37689 37690 37751 37764 37844 37885 37939 37975 38014 38015 38138 38164 38190 38191 38322 38365 38366 38409 38410 38452 38453 38491 38540 38629 38645 38718 38820 38912 38956 38957 38982 39001 39022 39107 39170 39310 39337 39393 39439 39490 39491 39514 39571 39572 39639 39689 39716 39904 39942 40040 40565 40606 
	}
	manpower=5992
	buildings_max_level_factor=1.000
	state_category=town
	local_supplies=0.000
}
