
state={
	id=80
	name="STATE_80"
	provinces={
		224 252 1487 4188 4572 6127 7422 7731 7871 7993 8893 9040 9845 11493 11507 11706 11733 11809 12070 13033 13058 13119 14336 14831 15721 17739 18366 19138 19638 19835 20986 21106 21113 21402 21768 22390 24831 25705 26886 26937 37939 37975 38014 38138 38164 38190 38365 38409 38410 38452 38453 38629 38645 38718 38820 38912 38956 38957 38982 39001 39022 39107 39170 39310 39337 39393 39439 39490 39491 39514 39571 39572 39639 39689 39716 39904 39942 40040 
	}
	manpower=0
	buildings_max_level_factor=1.000
	local_supplies=0.000
}
