state={
	id=82
	name="STATE_82"
	provinces={
		35 224 367 452 1087 1098 1133 1380 1413 1439 1482 1507 1763 1853 1855 2133 2150 2163 2243 2261 2292 2406 2621 2632 2662 2796 2886 2977 3021 3033 3038 3049 3116 3166 3202 3218 3252 3500 3965 4013 4102 4184 4269 4280 4470 4558 4576 4624 4643 4746 4751 4775 4963 5059 5194 5383 5453 5522 5529 5546 5605 5721 5785 5843 5906 5912 6061 6097 6209 6389 6478 6740 6747 6758 6800 6912 7076 7237 7267 7289 7438 8246 8306 8319 8322 8332 8337 8354 8363 8364 8367 8369 8371 8375 8377 8381 8382 8408 
	}
	buildings_max_level_factor=1.000
        manpower=1
        state_category = town
}
