state={
	id=84
	name="STATE_84"
	provinces={
		30 52 291 325 354 394 492 502 535 562 622 626 649 674 728 761 763 907 927 975 1109 1183 1429 1445 1477 1525 1556 1591 1611 1616 1754 1768 1796 1815 1969 1988 2059 2074 2102 2153 2286 2312 2322 2339 2505 2561 2607 2613 2624 2647 2649 2652 2707 2866 2900 2933 3018 3048 3162 3312 3317 3373 3602 3821 3835 3907 3917 3996 4012 4034 4049 4152 4156 4235 4241 4249 4309 4317 4389 4420 4429 4444 4491 4555 4570 4646 4660 4848 5013 5071 5098 5170 5205 5315 5348 5463 5516 5591 5609 5805 5867 5915 5921 5990 6043 6082 6160 6161 6237 6245 6262 6340 6402 6522 6584 6698 6699 6734 6884 6927 6936 6981 6985 7056 7066 7072 7110 7242 7319 7455 8184 8185 8193 8202 8205 8218 8230 8276 8285 8291 8302 8327 8328 8331 8346 8348 8385 8392 8400 8411 8423 8433 8444 8460 8468 8469 8550 
	}
	buildings_max_level_factor=1.000
        manpower=1
        state_category = town
}
