
state={
	id=85
	name="STATE_85"

	history={
		owner = UKR
        add_core_of = UKR

	}

	provinces={
		495 809 931 2029 2544 3144 3385 4024 4533 4538 4680 5212 5280 5369 5526 5768 5840 6511 6698 6761 7238 7241 9174 9290 9998 10158 10343 11045 11541 12629 13116 13152 13307 13420 13434 13641 13739 14194 14734 15305 15516 15673 15724 16346 16490 16564 16743 17065 17206 17363 17443 17503 17547 17707 17794 18246 19839 19993 20782 21551 21784 22010 22238 22723 23215 23360 23610 23733 23891 23947 24972 25052 25154 25425 25952 25973 26017 26347 26407 26511 26664 26860 26952 27129 27181 35451 35469 35489 35564 35651 35652 35673 35726 35774 35793 35851 35964 35994 36012 36095 36163 36236 36237 36311 36312 36333 36355 36376 36424 36480 36518 36519 36569 36643 36644 36669 36670 36693 36713 36793 36829 36851 36880 36904 36959 37042 37043 37044 37065 37084 37085 37129 37177 37216 37217 37218 37241 37242 37298 37299 37342 37343 37365 37366 37379 37407 37408 37424 37468 37496 37522 37554 37555 37575 37576 37597 37622 37623 37624 37646 37666 37692 37711 37712 37730 37731 37753 37765 37798 37846 
	}

	state_category=city
	manpower=351820
	buildings_max_level_factor=1.000
	local_supplies=0.000
}
