state={
	id=87
	name="STATE_87"
	provinces={
		1707 2453 2560 3060 3088 3216 4792 5272 5753 6891 7646 7713 9439 9441 9446 10149 10313 12561 12948 14110 15114 15243 15383 15495 15811 15881 17358 17543 19055 19837 21906 22220 24076 25739 36876 37183 37235 37328 37362 37516 37643 37822 37885 37988 38046 38121 38179 38180 38236 38266 38355 38368 38458 38535 38536 38564 38648 38694 38712 38730 38743 38782 38824 38985 39022 39142 39234 39424 39516 
	}
	buildings_max_level_factor=1.000
        manpower=1
        state_category = rural
}
