
state={
	id=87
	name="STATE_87"

	history={
		owner = UKR

	}

	provinces={
		578 644 2005 2317 3635 4998 6082 6529 6691 6695 7295 7362 7460 7943 8128 9209 9613 9630 9938 10446 10968 12153 13345 13470 13526 13530 14237 14837 15815 16284 16376 17026 17679 17989 17999 19308 19888 20069 21518 22612 22864 25217 25708 26035 26606 26686 26910 40839 41047 41080 41174 41288 41336 41396 41481 41538 41598 41733 41734 41750 41751 41770 41794 41872 41944 41945 41959 42067 42091 42169 42170 42216 42299 42379 42380 42419 42552 42574 42655 42758 42759 42903 42927 42928 43013 43034 43035 43132 43330 43402 
	}
	manpower=31168
	buildings_max_level_factor=1.000
	local_supplies=0.000
}
