
state={
	id=88
	name="STATE_88"

	history={
		owner = UKR
		add_core_of = UKR

	}

	provinces={
		308 902 1060 2653 2981 3477 3928 5486 6102 6956 8512 8926 11673 12363 12453 12945 14196 15864 16404 17447 18535 18683 18901 18995 19151 19916 21136 21158 23239 23839 25433 25533 27037 36399 36517 36534 36611 36712 36921 36922 36979 37106 37240 37316 37364 37378 37423 37467 37573 37691 37728 37898 37916 38016 38096 38165 38323 38389 38477 38492 38515 38630 38646 38670 38719 38741 
	}
	manpower=9829
	buildings_max_level_factor=1.000
	state_category=city
	local_supplies=0.000
}
