state={
	id=88
	name="STATE_88"
	provinces={
		868 1088 1680 2747 3875 4203 5396 5498 5828 6354 8041 8055 8729 8800 8851 10188 10233 11826 12501 13005 13102 15420 15616 15889 15997 16433 17178 18176 18211 18791 19278 19341 19358 20260 21488 22729 23087 23308 24367 24905 25188 25419 26019 26043 26551 26942 27263 27541 36868 37002 37038 37065 37226 37401 37566 37653 37692 37748 37749 37878 37930 37948 38039 38095 38113 38114 38115 38212 38263 38284 38302 38303 38321 38384 38403 38404 38452 38493 38494 38495 38507 38579 38613 38672 38673 38674 38707 38738 38854 38855 38889 38932 38933 39001 39045 39065 39135 39136 39201 39202 39254 39368 39405 39458 39476 39513 39533 39582 39645 39726 39826 39947 39991 40013 40252 
	}
	
	history = {
		owner = UKR
		
		buildings = {
			infrastructure = 3
		}
		
		add_core_of = UKR
	}

	buildings_max_level_factor=1.000
        manpower=1
        state_category = rural
}
