state={
	id=89
	name="STATE_89"
	provinces={
		30 138 216 362 386 391 457 473 697 980 1209 1234 1240 1242 1251 1268 1292 1334 1390 1520 1533 1547 1623 1794 1915 1953 1960 1961 1973 2006 2019 2081 2151 2164 2211 2313 2364 2402 2527 2621 2671 2775 2871 2923 3174 3199 3301 3313 3443 3459 3462 3471 3557 3619 3807 3847 3949 4012 4019 4082 4158 4545 4604 4755 4788 4793 4907 4966 5067 5072 5215 5278 5354 5370 5378 5395 5441 5479 5532 5660 5735 5790 5870 6069 6165 6222 6494 6626 6636 6766 7311 7367 7377 7388 7432 7530 7580 7739 7751 7826 7907 7911 8004 8317 
	}
	buildings_max_level_factor=1.000
        manpower=1
        state_category = town
}
