
state={
	id=89
	name="STATE_89"
	resources={
		steel=1.000
		coal=1.000
	}

	history={
		owner = UKR
		add_core_of = UKR

	}

	provinces={
		53 975 1008 1734 2441 2749 2926 4622 4959 5021 5130 5252 5267 5759 5977 6254 6642 6836 7746 8130 8239 8409 8604 10276 10503 11030 13075 13663 14384 14422 15465 16007 16174 16613 18728 19164 19749 20862 21503 21745 22004 22340 23725 23933 24177 24396 25908 25928 26131 38742 38858 38913 39055 39079 39080 39133 39171 39172 39238 39274 39374 39375 39492 39493 39534 39535 39594 39640 39641 39717 39761 39819 39858 40014 40041 40064 40129 40148 40149 40202 40293 40345 40375 40445 40446 40583 40630 40631 40666 40799 40821 40822 40961 40988 41006 41025 41081 41208 41245 41397 41398 41416 41573 50786 50788 50789 
	}
	manpower=23164
	buildings_max_level_factor=1.000
	state_category=town
	local_supplies=0.000
}
