state={
	id=9
	name="STATE_9"
	provinces={
		10 94 204 299 392 442 467 592 681 691 756 791 898 952 964 1212 1282 1381 1535 1648 1698 1757 1762 1769 1780 1962 2045 2264 2542 2686 2948 3099 3145 3172 3303 3341 3438 3654 3855 4082 4090 4535 4536 4627 4753 4932 5440 5518 5564 5665 5768 5827 5876 6024 6166 6854 6879 6890 7097 7359 7544 7546 7738 8109 8119 8457 8565 8574 8714 8947 9244 9495 9544 9587 9846 9918 9923 10320 10364 10592 10996 11029 11114 11196 11240 11282 11667 11885 12053 12395 12522 13202 13503 14179 14436 15044 15237 15306 15457 16553 17550 17757 17778 17867 18083 19888 20061 20220 20390 21197 21790 21960 22036 22388 22461 22578 22796 22933 23354 24063 24188 24217 24438 24596 24865 25030 25157 25230 25489 26039 27572 27573 27574 27575 27576 27577 27578 27579 27590 27601 27616 27643 27657 27669 27671 27676 27684 27700 27709 27725 27746 27748 27750 27753 27757 27761 27767 27774 27780 27787 27798 27801 27818 27860 27862 27890 27903 27913 27935 27948 28004 28016 28024 28063 28086 28098 
	}
		
	history = {
		owner = RUS
		
		buildings = {
		}
		
		add_core_of = RUS
	}
    ildings_max_level_factor=1.000
        manpower=1
        state_category = rural
}
