
state={
	id=90
	name="STATE_90"

	history={
		owner = UKR
		add_core_of = UKR

	}

	provinces={
		650 2111 3793 4072 4484 5954 6436 10308 14357 14533 14812 15013 15322 15573 15723 17481 17699 18158 19137 20098 20390 21580 22175 22583 22773 23727 23852 23860 24295 25826 25904 27233 34787 34828 34899 34942 35004 35073 35202 35245 35269 35355 35487 35488 35504 35563 35672 35750 35918 36074 36119 36273 36332 36444 36535 36536 36568 36590 36668 
	}
	manpower=254416
	buildings_max_level_factor=1.000
	state_category=city
	local_supplies=0.000
}
