state={
	id=90
	name="STATE_90"
	provinces={
		476 1351 1612 2105 2342 3472 4505 5559 5797 5880 5989 8472 8710 10810 13357 13747 14222 14290 14575 14841 15611 15791 15832 16487 17330 17869 18171 18727 18922 19109 19326 19498 19518 20833 21614 21818 21975 22094 22722 23021 23668 24619 24903 25282 25509 25577 25616 25626 25819 26084 26175 26456 26827 26920 27127 27187 27375 37267 37297 37298 37396 37486 37503 37588 37639 37671 37689 37708 37788 37818 37819 37837 37838 37855 37874 37875 37946 37983 38001 38002 38036 38094 38112 38155 38156 38169 38189 38209 38224 38246 38260 38280 38281 38282 38283 38298 38362 38363 38381 38401 38429 38430 38467 38468 38489 38524 38525 38557 38592 38593 38609 38635 38636 38702 38735 38736 38772 38797 38798 38870 38871 38997 39110 
	}
	buildings_max_level_factor=1.000
        manpower=1
        state_category = rural
}
