state={
	id=91
	name="STATE_91"
	provinces={
		139 151 576 598 668 678 715 766 910 963 1018 1053 1064 1101 1166 1218 1230 1277 1291 1398 1609 1663 1764 1825 1919 1975 2056 2128 2290 2343 2423 2443 2504 2595 2650 2726 2814 2897 3001 3057 3201 3203 3212 3222 3340 3503 3558 3587 3628 3822 3917 4043 4097 4193 4203 4278 4307 4384 4431 4523 4643 4668 4734 4747 4757 4763 4842 5041 5244 5326 5343 5422 5522 5526 5623 5650 5700 5902 6029 6034 6084 6098 6195 6333 6346 6388 6445 6961 7261 7678 7699 7786 8076 8667 8982 8994 9072 9245 9422 9586 9839 9996 10303 10578 10770 11092 11224 11473 11678 
	}
	history={
		owner = UKR
		add_core_of = UKR
	}
	buildings_max_level_factor=1.000
        manpower=1
        state_category = town
}
