state={
	id=92
	name="STATE_92"
	provinces={
		4 9 237 251 271 301 361 435 478 608 621 744 784 870 942 988 1053 1146 1284 1332 1358 1396 1429 1505 1537 1597 1643 1649 1723 1817 1916 2079 2154 2255 2347 2384 2395 2441 2498 2583 2653 2692 2703 2708 2817 2991 2992 3182 3394 3414 3511 3526 3543 3559 3800 3874 3899 4007 4052 4193 4296 4312 4342 4454 4515 4589 4613 4634 4667 4778 5138 5256 5367 5439 5769 5970 6035 6136 6237 6243 6446 6461 6504 6672 6770 6820 7368 7568 7626 7721 7791 7937 8034 8048 8130 8340 8570 
	}
	buildings_max_level_factor=1.000
        manpower=1
        state_category = town
}
