
state={
	id=93
	name="STATE_93"

	history={
		owner = UKR
		add_core_of = UKR

	}

	provinces={
		4361 5691 5782 6537 7040 7689 9284 9338 10098 11076 11471 12536 13283 13549 14059 15117 15760 15822 16407 17028 17384 18016 19451 19675 20723 21716 22069 22216 24049 24061 26654 34720 34721 34737 34959 34982 35003 35175 35201 35292 35337 35338 35418 35629 35772 35819 35943 35963 35993 36011 36162 36187 36212 36354 36375 36398 36423 36479 36567 36589 36770 
	}
	manpower=64533
	buildings_max_level_factor=1.000
	state_category=town
	local_supplies=0.000
}
