
state={
	id=95
	name="STATE_95"

	history={
		owner = UKR
		add_core_of = UKR

	}

	provinces={
		776 2030 5365 5492 6108 9748 10251 11407 11523 13280 14301 14718 16721 16801 18750 18999 20203 20255 22139 22237 22995 25220 25307 25553 26178 34018 34156 34198 34222 34358 34359 34378 34405 34532 34572 34593 34675 34703 34704 34786 34843 34867 34960 35071 35072 35176 35268 35339 35450 35503 35524 35630 35689 35820 
	}
	manpower=77066
	buildings_max_level_factor=1.000
	state_category=rural
	local_supplies=0.000
}
