state={
	id=96
	name="STATE_96"
	provinces={
		291 705 1331 2244 2481 6499 7905 9618 10021 10570 10712 12943 13585 13874 16615 16688 17668 18260 18419 18923 19065 19838 20371 21263 21549 22504 22563 22737 22875 23702 24439 24689 25529 25796 26431 27311 37987 38310 38345 38500 38512 38583 38646 38647 38759 38760 38823 38839 38896 38940 38953 38967 39021 39091 39092 39164 39165 39233 39258 39293 39310 39332 39333 39374 39422 39423 39448 39464 39609 39610 39629 39649 39690 39710 39746 39747 39856 39899 
	}
	buildings_max_level_factor=1.000
        manpower=1
        state_category = rural
}
